timeSinceStartMs,timeSinceLastInvocationMs,cpuUsage
51,50,1
101,50,1
151,50,1
201,50,1
251,50,1
301,50,1
351,50,1
401,50,1
451,50,1
501,50,1
551,50,1
601,50,1
651,50,1
701,50,1
751,50,1
801,50,1
851,50,1
901,50,1
951,50,1
1001,50,1
1051,50,1
1101,50,1
1151,50,1
1201,50,1
1251,50,1
1301,50,1
1351,50,1
1401,50,1
1451,50,1
1501,50,1
1551,50,1
1601,50,1
1651,50,1
1701,50,1
1751,50,1
1801,50,1
1851,50,1
1901,50,1
1951,50,1
2001,50,1
2051,50,1
2101,50,1
2151,50,1
2201,50,1
2251,50,1
2301,50,1
2351,50,1
2401,50,1
2451,50,1
2501,50,1
2551,50,1
2601,50,1
2651,50,1
2701,50,1
2751,50,1
2801,50,1
2851,50,1
2901,50,1
2951,50,1
3001,50,1
3051,50,1
3101,50,1
3151,50,1
3201,50,1
3251,50,1
3301,50,1
3351,50,1
3401,50,1
3451,50,1
3501,50,1
3551,50,1
3601,50,1
3651,50,1
3701,50,1
3751,50,1
3801,50,1
3851,50,1
3901,50,1
3951,50,1
4001,50,1
4051,50,1
4101,50,1
4151,50,1
4201,50,1
4251,50,1
4301,50,1
4351,50,1
4401,50,1
4451,50,1
4501,50,1
4551,50,1
4601,50,1
4651,50,1
4701,50,1
4751,50,1
4801,50,1
4851,50,1
4901,50,1
4951,50,1
5011,60,0.8333333333333334
5063,52,0.9615384615384615
5113,50,1
5163,50,1
5213,50,1
5263,50,1
5313,50,1
5363,50,1
5413,50,1
5463,50,1
5513,50,1
5563,50,1
5613,50,1
5663,50,1
5713,50,1
5763,50,1
5813,50,1
5863,50,1
5913,50,1
5963,50,1
6013,50,1
6063,50,1
6113,50,1
6163,50,1
6213,50,1
6263,50,1
6313,50,1
6363,50,1
6413,50,1
6463,50,1
6513,50,1
6563,50,1
6613,50,1
6663,50,1
6713,50,1
6763,50,1
6813,50,1
6863,50,1
6913,50,1
6963,50,1
7013,50,1
7063,50,1
7113,50,1
7163,50,1
7213,50,1
7263,50,1
7313,50,1
7363,50,1
7413,50,1
7463,50,1
7513,50,1
7563,50,1
7613,50,1
7663,50,1
7713,50,1
7763,50,1
7813,50,1
7863,50,1
7913,50,1
7963,50,1
8013,50,1
8063,50,1
8113,50,1
8163,50,1
8213,50,1
8263,50,1
8313,50,1
8363,50,1
8413,50,1
8463,50,1
8513,50,1
8563,50,1
8613,50,1
8663,50,1
8713,50,1
8763,50,1
8813,50,1
8863,50,1
8913,50,1
8963,50,1
9013,50,1
9063,50,1
9113,50,1
9163,50,1
9213,50,1
9263,50,1
9313,50,1
9363,50,1
9413,50,1
9463,50,1
9513,50,1
9563,50,1
9613,50,1
9663,50,1
9713,50,1
9763,50,1
9813,50,1
9863,50,1
9913,50,1
9963,50,1
10013,50,1
10063,50,1
10113,50,1
10163,50,1
10213,50,1
10263,50,1
10313,50,1
10363,50,1
10413,50,1
10463,50,1
10513,50,1
10563,50,1
10613,50,1
10663,50,1
10713,50,1
10763,50,1
10813,50,1
10863,50,1
10913,50,1
10963,50,1
11013,50,1
11063,50,1
11113,50,1
11163,50,1
11213,50,1
11263,50,1
11313,50,1
11363,50,1
11413,50,1
11463,50,1
11513,50,1
11563,50,1
11613,50,1
11663,50,1
11713,50,1
11763,50,1
11813,50,1
11863,50,1
11913,50,1
11963,50,1
12013,50,1
12063,50,1
12113,50,1
12163,50,1
12213,50,1
12264,51,0.9803921568627451
12314,50,1
12364,50,1
12414,50,1
12464,50,1
12514,50,1
12564,50,1
12614,50,1
12664,50,1
12714,50,1
12764,50,1
12814,50,1
12864,50,1
12914,50,1
12964,50,1
13014,50,1
13064,50,1
13114,50,1
13164,50,1
13214,50,1
13265,51,0.9803921568627451
13315,50,1
13365,50,1
13416,51,0.9803921568627451
13466,50,1
13516,50,1
13566,50,1
13616,50,1
13666,50,1
13716,50,1
13766,50,1
13816,50,1
13866,50,1
13916,50,1
13966,50,1
14016,50,1
14066,50,1
14116,50,1
14166,50,1
14216,50,1
14266,50,1
14316,50,1
14366,50,1
14416,50,1
14466,50,1
14516,50,1
14566,50,1
14616,50,1
14666,50,1
14716,50,1
14766,50,1
14816,50,1
14866,50,1
14916,50,1
14966,50,1
15016,50,1
15066,50,1
15116,50,1
15166,50,1
15216,50,1
15266,50,1
15316,50,1
15366,50,1
15416,50,1
15466,50,1
15516,50,1
15566,50,1
15616,50,1
15666,50,1
15716,50,1
15766,50,1
15816,50,1
15866,50,1
15916,50,1
15966,50,1
16016,50,1
16066,50,1
16116,50,1
16166,50,1
16216,50,1
16266,50,1
16316,50,1
16366,50,1
16416,50,1
16466,50,1
16516,50,1
16566,50,1
16616,50,1
16666,50,1
16716,50,1
16766,50,1
16816,50,1
16866,50,1
16916,50,1
16966,50,1
17016,50,1
17066,50,1
17116,50,1
17166,50,1
17216,50,1
17266,50,1
17316,50,1
17366,50,1
17416,50,1
17466,50,1
17523,57,0.8771929824561404
17573,50,1
17623,50,1
17673,50,1
17723,50,1
17773,50,1
17823,50,1
17873,50,1
17923,50,1
17973,50,1
18023,50,1
18073,50,1
18123,50,1
18173,50,1
18223,50,1
18273,50,1
18323,50,1
18373,50,1
18423,50,1
18473,50,1
18523,50,1
18573,50,1
18623,50,1
18673,50,1
18723,50,1
18773,50,1
18823,50,1
18873,50,1
18923,50,1
18973,50,1
19023,50,1
19073,50,1
19123,50,1
19173,50,1
19223,50,1
19273,50,1
19323,50,1
19373,50,1
19423,50,1
19473,50,1
19523,50,1
19573,50,1
19623,50,1
19673,50,1
19723,50,1
19773,50,1
19823,50,1
19873,50,1
19923,50,1
19973,50,1
20023,50,1
20073,50,1
20123,50,1
20173,50,1
20223,50,1
20273,50,1
20323,50,1
20373,50,1
20423,50,1
20473,50,1
20523,50,1
20573,50,1
20623,50,1
20673,50,1
20723,50,1
20773,50,1
20823,50,1
20873,50,1
20923,50,1
20973,50,1
21023,50,1
21073,50,1
21123,50,1
21173,50,1
21223,50,1
21273,50,1
21323,50,1
21373,50,1
21423,50,1
21473,50,1
21523,50,1
21573,50,1
21623,50,1
21673,50,1
21723,50,1
21773,50,1
21823,50,1
21873,50,1
21923,50,1
21973,50,1
22023,50,1
22073,50,1
22123,50,1
22173,50,1
22223,50,1
22273,50,1
22323,50,1
22373,50,1
22423,50,1
22473,50,1
22523,50,1
22573,50,1
22623,50,1
22673,50,1
22723,50,1
22773,50,1
22823,50,1
22873,50,1
22923,50,1
22973,50,1
23023,50,1
23073,50,1
23123,50,1
23173,50,1
23223,50,1
23273,50,1
23323,50,1
23373,50,1
23423,50,1
23473,50,1
23523,50,1
23573,50,1
23623,50,1
23673,50,1
23723,50,1
23773,50,1
23823,50,1
23873,50,1
23923,50,1
23973,50,1
24023,50,1
24073,50,1
24123,50,1
24173,50,1
24223,50,1
24273,50,1
24323,50,1
24373,50,1
24423,50,1
24473,50,1
24523,50,1
24573,50,1
24623,50,1
24673,50,1
24723,50,1
24773,50,1
24823,50,1
24873,50,1
24923,50,1
24973,50,1
25023,50,1
25073,50,1
25123,50,1
25173,50,1
25223,50,1
25273,50,1
25323,50,1
25373,50,1
25423,50,1
25473,50,1
25523,50,1
25573,50,1
25623,50,1
25673,50,1
25723,50,1
25773,50,1
25823,50,1
25873,50,1
25923,50,1
25973,50,1
26023,50,1
26073,50,1
26123,50,1
26173,50,1
26223,50,1
26273,50,1
26323,50,1
26373,50,1
26423,50,1
26473,50,1
26523,50,1
26573,50,1
26623,50,1
26673,50,1
26723,50,1
26773,50,1
26823,50,1
26873,50,1
26923,50,1
26973,50,1
27023,50,1
27073,50,1
27123,50,1
27173,50,1
27223,50,1
27273,50,1
27323,50,1
27373,50,1
27423,50,1
27473,50,1
27523,50,1
27573,50,1
27623,50,1
27673,50,1
27723,50,1
27773,50,1
27823,50,1
27873,50,1
27923,50,1
27973,50,1
28023,50,1
28073,50,1
28123,50,1
28173,50,1
28223,50,1
28273,50,1
28323,50,1
28373,50,1
28423,50,1
28473,50,1
28523,50,1
28573,50,1
28623,50,1
28673,50,1
28723,50,1
28773,50,1
28823,50,1
28873,50,1
28923,50,1
28973,50,1
29023,50,1
29073,50,1
29123,50,1
29173,50,1
29223,50,1
29273,50,1
29323,50,1
29373,50,1
29423,50,1
29473,50,1
29523,50,1
29573,50,1
29623,50,1
29673,50,1
29723,50,1
29773,50,1
29823,50,1
29873,50,1
29923,50,1
29973,50,1
30023,50,1
30073,50,1
30123,50,1
30173,50,1
30223,50,1
30273,50,1
30323,50,1
30373,50,1
30423,50,1
30473,50,1
30523,50,1
30573,50,1
30623,50,1
30673,50,1
30723,50,1
30773,50,1
30823,50,1
30873,50,1
30923,50,1
30973,50,1
31023,50,1
31073,50,1
31123,50,1
31173,50,1
31223,50,1
31273,50,1
31323,50,1
31373,50,1
31423,50,1
31473,50,1
31523,50,1
31573,50,1
31623,50,1
31673,50,1
31723,50,1
31773,50,1
31823,50,1
31873,50,1
31923,50,1
31973,50,1
32023,50,1
32073,50,1
32123,50,1
32173,50,1
32223,50,1
32273,50,1
32323,50,1
32373,50,1
32423,50,1
32473,50,1
32523,50,1
32573,50,1
32623,50,1
32673,50,1
32723,50,1
32773,50,1
32823,50,1
32873,50,1
32923,50,1
32973,50,1
33023,50,1
33073,50,1
33123,50,1
33173,50,1
33223,50,1
33273,50,1
33323,50,1
33373,50,1
33423,50,1
33473,50,1
33523,50,1
33573,50,1
33623,50,1
33673,50,1
33723,50,1
33773,50,1
33823,50,1
33873,50,1
33923,50,1
33973,50,1
34023,50,1
34073,50,1
34123,50,1
34173,50,1
34223,50,1
34273,50,1
34323,50,1
34373,50,1
34423,50,1
34473,50,1
34523,50,1
34573,50,1
34623,50,1
34673,50,1
34723,50,1
34773,50,1
34823,50,1
34873,50,1
34923,50,1
34973,50,1
35023,50,1
35073,50,1
35123,50,1
35173,50,1
35223,50,1
35273,50,1
35323,50,1
35373,50,1
35423,50,1
35473,50,1
35523,50,1
35573,50,1
35623,50,1
35673,50,1
35723,50,1
35773,50,1
35823,50,1
35873,50,1
35923,50,1
35973,50,1
36023,50,1
36073,50,1
36123,50,1
36173,50,1
36223,50,1
36273,50,1
36323,50,1
36373,50,1
36423,50,1
36473,50,1
36523,50,1
36573,50,1
36623,50,1
36673,50,1
36723,50,1
36773,50,1
36823,50,1
36873,50,1
36923,50,1
36973,50,1
37023,50,1
37073,50,1
37123,50,1
37173,50,1
37223,50,1
37273,50,1
37323,50,1
37373,50,1
37423,50,1
37473,50,1
37523,50,1
37573,50,1
37623,50,1
37673,50,1
37723,50,1
37773,50,1
37823,50,1
37873,50,1
37923,50,1
37973,50,1
38023,50,1
38073,50,1
38123,50,1
38173,50,1
38223,50,1
38273,50,1
38323,50,1
38373,50,1
38423,50,1
38473,50,1
38523,50,1
38573,50,1
38623,50,1
38673,50,1
38723,50,1
38773,50,1
38823,50,1
38873,50,1
38923,50,1
38973,50,1
39023,50,1
39073,50,1
39123,50,1
39173,50,1
39223,50,1
39273,50,1
39323,50,1
39373,50,1
39423,50,1
39473,50,1
39523,50,1
39573,50,1
39623,50,1
39673,50,1
39723,50,1
39773,50,1
39823,50,1
39873,50,1
39923,50,1
39973,50,1
40023,50,1
40073,50,1
40123,50,1
40173,50,1
40223,50,1
40273,50,1
40323,50,1
40373,50,1
40423,50,1
40473,50,1
40523,50,1
40573,50,1
40623,50,1
40673,50,1
40723,50,1
40773,50,1
40823,50,1
40873,50,1
40923,50,1
40973,50,1
41023,50,1
41073,50,1
41123,50,1
41173,50,1
41223,50,1
41273,50,1
41323,50,1
41373,50,1
41423,50,1
41473,50,1
41523,50,1
41573,50,1
41623,50,1
41673,50,1
41723,50,1
41773,50,1
41823,50,1
41873,50,1
41923,50,1
41973,50,1
42023,50,1
42073,50,1
42123,50,1
42173,50,1
42223,50,1
42273,50,1
42323,50,1
42373,50,1
42423,50,1
42473,50,1
42523,50,1
42573,50,1
42623,50,1
42673,50,1
42723,50,1
42773,50,1
42823,50,1
42873,50,1
42923,50,1
42973,50,1
43023,50,1
43073,50,1
43123,50,1
43173,50,1
43223,50,1
43273,50,1
43323,50,1
43373,50,1
43423,50,1
43473,50,1
43523,50,1
43573,50,1
43623,50,1
43673,50,1
43723,50,1
43773,50,1
43823,50,1
43873,50,1
43923,50,1
43973,50,1
44023,50,1
44073,50,1
44123,50,1
44173,50,1
44223,50,1
44273,50,1
44323,50,1
44373,50,1
44423,50,1
44473,50,1
44523,50,1
44573,50,1
44623,50,1
44673,50,1
44723,50,1
44773,50,1
44823,50,1
44873,50,1
44923,50,1
44973,50,1
45023,50,1
45073,50,1
45123,50,1
45173,50,1
45223,50,1
45273,50,1
45323,50,1
45373,50,1
45423,50,1
45473,50,1
45523,50,1
45573,50,1
45623,50,1
45673,50,1
45723,50,1
45773,50,1
45823,50,1
45873,50,1
45923,50,1
45973,50,1
46023,50,1
46073,50,1
46123,50,1
46173,50,1
46223,50,1
46273,50,1
46323,50,1
46373,50,1
46423,50,1
46473,50,1
46523,50,1
46573,50,1
46623,50,1
46673,50,1
46723,50,1
46773,50,1
46823,50,1
46873,50,1
46923,50,1
46973,50,1
47023,50,1
47073,50,1
47123,50,1
47173,50,1
47223,50,1
47273,50,1
47323,50,1
47373,50,1
47423,50,1
47473,50,1
47523,50,1
47573,50,1
47623,50,1
47673,50,1
47723,50,1
47773,50,1
47823,50,1
47873,50,1
47923,50,1
47973,50,1
48023,50,1
48073,50,1
48123,50,1
48173,50,1
48223,50,1
48273,50,1
48323,50,1
48373,50,1
48423,50,1
48473,50,1
48523,50,1
48573,50,1
48623,50,1
48673,50,1
48723,50,1
48773,50,1
48823,50,1
48873,50,1
48923,50,1
48973,50,1
49023,50,1
49073,50,1
49123,50,1
49173,50,1
49223,50,1
49273,50,1
49323,50,1
49373,50,1
49423,50,1
49473,50,1
49523,50,1
49573,50,1
49623,50,1
49673,50,1
49723,50,1
49773,50,1
49823,50,1
49873,50,1
49923,50,1
49973,50,1
50023,50,1
50073,50,1
50123,50,1
50173,50,1
50223,50,1
50273,50,1
50323,50,1
50373,50,1
50423,50,1
50473,50,1
50523,50,1
50573,50,1
50623,50,1
50673,50,1
50723,50,1
50773,50,1
50823,50,1
50873,50,1
50923,50,1
50973,50,1
51023,50,1
51073,50,1
51123,50,1
51173,50,1
51223,50,1
51273,50,1
51323,50,1
51373,50,1
51423,50,1
51473,50,1
51523,50,1
51573,50,1
51623,50,1
51673,50,1
51723,50,1
51773,50,1
51823,50,1
51873,50,1
51923,50,1
51973,50,1
52023,50,1
52073,50,1
52123,50,1
52173,50,1
52223,50,1
52273,50,1
52323,50,1
52373,50,1
52423,50,1
52473,50,1
52523,50,1
52573,50,1
52623,50,1
52673,50,1
52723,50,1
52773,50,1
52823,50,1
52873,50,1
52923,50,1
52973,50,1
53023,50,1
53073,50,1
53123,50,1
53173,50,1
53223,50,1
53273,50,1
53323,50,1
53373,50,1
53423,50,1
53473,50,1
53523,50,1
53573,50,1
53623,50,1
53673,50,1
53723,50,1
53773,50,1
53823,50,1
53873,50,1
53923,50,1
53973,50,1
54023,50,1
54073,50,1
54123,50,1
54173,50,1
54223,50,1
54273,50,1
54323,50,1
54373,50,1
54423,50,1
54473,50,1
54523,50,1
54573,50,1
54623,50,1
54673,50,1
54723,50,1
54773,50,1
54823,50,1
54873,50,1
54923,50,1
54973,50,1
55023,50,1
55073,50,1
55123,50,1
55173,50,1
55223,50,1
55273,50,1
55323,50,1
55373,50,1
55423,50,1
55473,50,1
55523,50,1
55573,50,1
55623,50,1
55673,50,1
55723,50,1
55773,50,1
55823,50,1
55873,50,1
55923,50,1
55973,50,1
56023,50,1
56073,50,1
56123,50,1
56173,50,1
56223,50,1
56273,50,1
56323,50,1
56373,50,1
56423,50,1
56473,50,1
56523,50,1
56573,50,1
56623,50,1
56673,50,1
56723,50,1
56773,50,1
56823,50,1
56873,50,1
56923,50,1
56973,50,1
57023,50,1
57073,50,1
57123,50,1
57173,50,1
57223,50,1
57273,50,1
57323,50,1
57373,50,1
57423,50,1
57473,50,1
57523,50,1
57573,50,1
57623,50,1
57673,50,1
57723,50,1
57773,50,1
57823,50,1
57873,50,1
57923,50,1
57973,50,1
58023,50,1
58073,50,1
58123,50,1
58173,50,1
58223,50,1
58273,50,1
58323,50,1
58373,50,1
58423,50,1
58473,50,1
58523,50,1
58573,50,1
58623,50,1
58673,50,1
58723,50,1
58773,50,1
58823,50,1
58873,50,1
58923,50,1
58973,50,1
59023,50,1
59073,50,1
59123,50,1
59173,50,1
59223,50,1
59273,50,1
59323,50,1
59373,50,1
59423,50,1
59473,50,1
59523,50,1
59573,50,1
59623,50,1
59673,50,1
59723,50,1
59773,50,1
59823,50,1
59873,50,1
59923,50,1
59973,50,1
60023,50,1
60073,50,1
60123,50,1
60173,50,1
60223,50,1
60273,50,1
60323,50,1
60373,50,1
60423,50,1
60473,50,1
60523,50,1
60573,50,1
60623,50,1
60673,50,1
60723,50,1
60773,50,1
60823,50,1
60873,50,1
60923,50,1
60973,50,1
61023,50,1
61073,50,1
61123,50,1
61173,50,1
61223,50,1
61273,50,1
61323,50,1
61373,50,1
61423,50,1
61473,50,1
61523,50,1
61573,50,1
61623,50,1
61673,50,1
61723,50,1
61773,50,1
61823,50,1
61873,50,1
61923,50,1
61973,50,1
62023,50,1
62073,50,1
62123,50,1
62173,50,1
62223,50,1
62273,50,1
62323,50,1
62373,50,1
62423,50,1
62473,50,1
62523,50,1
62573,50,1
62623,50,1
62673,50,1
62723,50,1
62773,50,1
62823,50,1
62873,50,1
62923,50,1
62973,50,1
63023,50,1
63073,50,1
63123,50,1
63173,50,1
63223,50,1
63273,50,1
63323,50,1
63373,50,1
63423,50,1
63473,50,1
63523,50,1
63573,50,1
63623,50,1
63673,50,1
63723,50,1
63773,50,1
63823,50,1
63873,50,1
63923,50,1
63973,50,1
64023,50,1
64073,50,1
64123,50,1
64173,50,1
64223,50,1
64273,50,1
64323,50,1
64373,50,1
64423,50,1
64473,50,1
64523,50,1
64573,50,1
64623,50,1
64673,50,1
64723,50,1
64773,50,1
64823,50,1
64873,50,1
64923,50,1
64973,50,1
65023,50,1
65073,50,1
65123,50,1
65173,50,1
65223,50,1
65273,50,1
65323,50,1
65373,50,1
65423,50,1
65473,50,1
65523,50,1
65573,50,1
65623,50,1
65673,50,1
65723,50,1
65773,50,1
65823,50,1
65873,50,1
65923,50,1
65973,50,1
66023,50,1
66073,50,1
66123,50,1
66173,50,1
66223,50,1
66273,50,1
66323,50,1
66373,50,1
66423,50,1
66473,50,1
66523,50,1
66573,50,1
66623,50,1
66673,50,1
66723,50,1
66773,50,1
66823,50,1
66873,50,1
66923,50,1
66973,50,1
67023,50,1
67073,50,1
67123,50,1
67173,50,1
67223,50,1
67273,50,1
67323,50,1
67373,50,1
67423,50,1
67473,50,1
67523,50,1
67573,50,1
67623,50,1
67673,50,1
67723,50,1
67773,50,1
67823,50,1
67873,50,1
67923,50,1
67973,50,1
68023,50,1
68073,50,1
68123,50,1
68173,50,1
68223,50,1
68273,50,1
68323,50,1
68373,50,1
68423,50,1
68473,50,1
68523,50,1
68573,50,1
68623,50,1
68673,50,1
68723,50,1
68773,50,1
68823,50,1
68873,50,1
68923,50,1
68973,50,1
69023,50,1
69073,50,1
69123,50,1
69173,50,1
69223,50,1
69273,50,1
69323,50,1
69373,50,1
69423,50,1
69473,50,1
69523,50,1
69573,50,1
69623,50,1
69673,50,1
69723,50,1
69773,50,1
69823,50,1
69873,50,1
69923,50,1
69973,50,1
70023,50,1
70073,50,1
70123,50,1
70173,50,1
70223,50,1
70273,50,1
70323,50,1
70373,50,1
70423,50,1
70473,50,1
70523,50,1
70573,50,1
70623,50,1
70673,50,1
70723,50,1
70773,50,1
70823,50,1
70873,50,1
70923,50,1
70973,50,1
71023,50,1
71073,50,1
71123,50,1
71173,50,1
71223,50,1
71273,50,1
71323,50,1
71373,50,1
71423,50,1
71473,50,1
71523,50,1
71573,50,1
71623,50,1
71673,50,1
71723,50,1
71773,50,1
71823,50,1
71873,50,1
71923,50,1
71973,50,1
72023,50,1
72073,50,1
72123,50,1
72173,50,1
72223,50,1
72273,50,1
72323,50,1
72373,50,1
72423,50,1
72473,50,1
72523,50,1
72573,50,1
72623,50,1
72673,50,1
72723,50,1
72773,50,1
72823,50,1
72873,50,1
72923,50,1
72973,50,1
73023,50,1
73073,50,1
73123,50,1
73173,50,1
73223,50,1
73273,50,1
73323,50,1
73373,50,1
73423,50,1
73473,50,1
73523,50,1
73573,50,1
73623,50,1
73673,50,1
73723,50,1
73773,50,1
73823,50,1
73873,50,1
73923,50,1
73973,50,1
74023,50,1
74073,50,1
74123,50,1
74173,50,1
74223,50,1
74273,50,1
74323,50,1
74373,50,1
74423,50,1
74473,50,1
74523,50,1
74573,50,1
74623,50,1
74673,50,1
74723,50,1
74773,50,1
74823,50,1
74873,50,1
74923,50,1
74973,50,1
75023,50,1
75073,50,1
75123,50,1
75173,50,1
75223,50,1
75273,50,1
75323,50,1
75373,50,1
75423,50,1
75473,50,1
75523,50,1
75573,50,1
75623,50,1
75673,50,1
75723,50,1
75773,50,1
75823,50,1
75873,50,1
75923,50,1
75973,50,1
76023,50,1
76073,50,1
76123,50,1
76173,50,1
76223,50,1
76273,50,1
76323,50,1
76373,50,1
76423,50,1
76473,50,1
76523,50,1
76573,50,1
76623,50,1
76673,50,1
76723,50,1
76773,50,1
76823,50,1
76873,50,1
76923,50,1
76973,50,1
77023,50,1
77073,50,1
77123,50,1
77173,50,1
77223,50,1
77273,50,1
77323,50,1
77373,50,1
77423,50,1
77473,50,1
77523,50,1
77573,50,1
77623,50,1
77673,50,1
77723,50,1
77773,50,1
77823,50,1
77873,50,1
77923,50,1
77978,55,0.9090909090909091
78028,50,1
78078,50,1
78128,50,1
78179,51,0.9803921568627451
78229,50,1
78279,50,1
78329,50,1
78379,50,1
78429,50,1
78479,50,1
78529,50,1
78579,50,1
78629,50,1
78679,50,1
78729,50,1
78779,50,1
78829,50,1
78879,50,1
78929,50,1
78979,50,1
79029,50,1
79079,50,1
79129,50,1
79179,50,1
79229,50,1
79279,50,1
79329,50,1
79379,50,1
79429,50,1
79479,50,1
79529,50,1
79579,50,1
79629,50,1
79679,50,1
79729,50,1
79779,50,1
79829,50,1
79879,50,1
79929,50,1
79979,50,1
80029,50,1
80079,50,1
80129,50,1
80179,50,1
80229,50,1
80279,50,1
80329,50,1
80379,50,1
80429,50,1
80479,50,1
80529,50,1
80579,50,1
80629,50,1
80679,50,1
80729,50,1
80779,50,1
80829,50,1
80879,50,1
80929,50,1
80979,50,1
81029,50,1
81079,50,1
81129,50,1
81179,50,1
81229,50,1
81279,50,1
81329,50,1
81379,50,1
81429,50,1
81479,50,1
81529,50,1
81579,50,1
81629,50,1
81679,50,1
81729,50,1
81779,50,1
81829,50,1
81879,50,1
81929,50,1
81979,50,1
82029,50,1
82079,50,1
82129,50,1
82179,50,1
82229,50,1
82279,50,1
82329,50,1
82379,50,1
82429,50,1
82479,50,1
82529,50,1
82579,50,1
82629,50,1
82679,50,1
82729,50,1
82779,50,1
82829,50,1
82879,50,1
82929,50,1
82979,50,1
83029,50,1
83079,50,1
83129,50,1
83179,50,1
83229,50,1
83279,50,1
83329,50,1
83379,50,1
83429,50,1
83479,50,1
83529,50,1
83579,50,1
83629,50,1
83679,50,1
83729,50,1
83779,50,1
83829,50,1
83879,50,1
83929,50,1
83979,50,1
84029,50,1
84079,50,1
84129,50,1
84179,50,1
84229,50,1
84279,50,1
84329,50,1
84379,50,1
84429,50,1
84479,50,1
84529,50,1
84579,50,1
84629,50,1
84679,50,1
84729,50,1
84779,50,1
84829,50,1
84879,50,1
84929,50,1
84979,50,1
85029,50,1
85079,50,1
85129,50,1
85179,50,1
85229,50,1
85279,50,1
85329,50,1
85379,50,1
85429,50,1
85479,50,1
85529,50,1
85579,50,1
85629,50,1
85679,50,1
85729,50,1
85779,50,1
85829,50,1
85879,50,1
85929,50,1
85979,50,1
86029,50,1
86079,50,1
86129,50,1
86179,50,1
86229,50,1
86279,50,1
86329,50,1
86379,50,1
86429,50,1
86479,50,1
86529,50,1
86579,50,1
86629,50,1
86679,50,1
86729,50,1
86779,50,1
86829,50,1
86879,50,1
86929,50,1
86979,50,1
87029,50,1
87079,50,1
87129,50,1
87179,50,1
87229,50,1
87279,50,1
87329,50,1
87379,50,1
87429,50,1
87479,50,1
87529,50,1
87579,50,1
87629,50,1
87679,50,1
87729,50,1
87779,50,1
87829,50,1
87879,50,1
87929,50,1
87979,50,1
88029,50,1
88079,50,1
88129,50,1
88179,50,1
88229,50,1
88279,50,1
88329,50,1
88379,50,1
88429,50,1
88479,50,1
88529,50,1
88579,50,1
88629,50,1
88679,50,1
88729,50,1
88779,50,1
88829,50,1
88879,50,1
88929,50,1
88979,50,1
89029,50,1
89079,50,1
89129,50,1
89179,50,1
89229,50,1
89279,50,1
89329,50,1
89379,50,1
89429,50,1
89479,50,1
89529,50,1
89579,50,1
89629,50,1
89679,50,1
89729,50,1
89779,50,1
89829,50,1
89879,50,1
89929,50,1
89979,50,1
90029,50,1
90079,50,1
90129,50,1
90179,50,1
90229,50,1
90279,50,1
90329,50,1
90379,50,1
90429,50,1
90479,50,1
90529,50,1
90579,50,1
90629,50,1
90679,50,1
90729,50,1
90779,50,1
90829,50,1
90879,50,1
90929,50,1
90979,50,1
91029,50,1
91079,50,1
91129,50,1
91179,50,1
91229,50,1
91279,50,1
91329,50,1
91379,50,1
91429,50,1
91479,50,1
91529,50,1
91579,50,1
91629,50,1
91679,50,1
91729,50,1
91779,50,1
91829,50,1
91879,50,1
91929,50,1
91979,50,1
92029,50,1
92079,50,1
92129,50,1
92179,50,1
92229,50,1
92279,50,1
92329,50,1
92379,50,1
92429,50,1
92479,50,1
92529,50,1
92579,50,1
92629,50,1
92679,50,1
92729,50,1
92779,50,1
92829,50,1
92879,50,1
92929,50,1
92979,50,1
93029,50,1
93079,50,1
93129,50,1
93179,50,1
93229,50,1
93279,50,1
93329,50,1
93379,50,1
93429,50,1
93479,50,1
93529,50,1
93579,50,1
93629,50,1
93679,50,1
93729,50,1
93779,50,1
93829,50,1
93879,50,1
93929,50,1
93979,50,1
94029,50,1
94079,50,1
94129,50,1
94179,50,1
94229,50,1
94279,50,1
94329,50,1
94379,50,1
94429,50,1
94479,50,1
94529,50,1
94579,50,1
94629,50,1
94679,50,1
94729,50,1
94779,50,1
94829,50,1
94879,50,1
94929,50,1
94979,50,1
95029,50,1
95079,50,1
95129,50,1
95179,50,1
95229,50,1
95279,50,1
95329,50,1
95379,50,1
95429,50,1
95479,50,1
95529,50,1
95579,50,1
95629,50,1
95679,50,1
95729,50,1
95779,50,1
95829,50,1
95879,50,1
95929,50,1
95979,50,1
96029,50,1
96079,50,1
96129,50,1
96179,50,1
96229,50,1
96279,50,1
96329,50,1
96379,50,1
96429,50,1
96479,50,1
96529,50,1
96579,50,1
96629,50,1
96679,50,1
96729,50,1
96779,50,1
96829,50,1
96879,50,1
96929,50,1
96979,50,1
97029,50,1
97079,50,1
97129,50,1
97179,50,1
97229,50,1
97279,50,1
97329,50,1
97379,50,1
97429,50,1
97479,50,1
97529,50,1
97579,50,1
97629,50,1
97679,50,1
97729,50,1
97779,50,1
97829,50,1
97879,50,1
97929,50,1
97979,50,1
98029,50,1
98079,50,1
98129,50,1
98179,50,1
98229,50,1
98279,50,1
98329,50,1
98379,50,1
98429,50,1
98479,50,1
98529,50,1
98579,50,1
98629,50,1
98679,50,1
98729,50,1
98779,50,1
98829,50,1
98879,50,1
98929,50,1
98979,50,1
99029,50,1
99079,50,1
99129,50,1
99179,50,1
99229,50,1
99279,50,1
99329,50,1
99379,50,1
99429,50,1
99479,50,1
99529,50,1
99579,50,1
99629,50,1
99679,50,1
99729,50,1
99779,50,1
99829,50,1
99879,50,1
99929,50,1
99979,50,1
100029,50,1
100079,50,1
100129,50,1
100179,50,1
100229,50,1
100279,50,1
100329,50,1
100379,50,1
100429,50,1
100479,50,1
100529,50,1
100579,50,1
100629,50,1
100679,50,1
100729,50,1
100779,50,1
100829,50,1
100879,50,1
100929,50,1
100979,50,1
101029,50,1
101079,50,1
101129,50,1
101179,50,1
101229,50,1
101279,50,1
101329,50,1
101379,50,1
101429,50,1
101479,50,1
101529,50,1
101579,50,1
101629,50,1
101679,50,1
101729,50,1
101779,50,1
101829,50,1
101879,50,1
101929,50,1
101979,50,1
102029,50,1
102079,50,1
102129,50,1
102179,50,1
102229,50,1
102279,50,1
102329,50,1
102379,50,1
102429,50,1
102479,50,1
102529,50,1
102579,50,1
102629,50,1
102679,50,1
102729,50,1
102779,50,1
102829,50,1
102879,50,1
102929,50,1
102979,50,1
103029,50,1
103079,50,1
103129,50,1
103179,50,1
103229,50,1
103279,50,1
103329,50,1
103379,50,1
103429,50,1
103479,50,1
103529,50,1
103579,50,1
103629,50,1
103679,50,1
103729,50,1
103779,50,1
103829,50,1
103879,50,1
103929,50,1
103979,50,1
104029,50,1
104079,50,1
104129,50,1
104179,50,1
104229,50,1
104279,50,1
104329,50,1
104379,50,1
104429,50,1
104479,50,1
104529,50,1
104579,50,1
104629,50,1
104679,50,1
104729,50,1
104779,50,1
104829,50,1
104879,50,1
104929,50,1
104979,50,1
105029,50,1
105079,50,1
105129,50,1
105179,50,1
105229,50,1
105279,50,1
105329,50,1
105379,50,1
105429,50,1
105479,50,1
105529,50,1
105579,50,1
105629,50,1
105679,50,1
105729,50,1
105779,50,1
105829,50,1
105879,50,1
105929,50,1
105979,50,1
106029,50,1
106079,50,1
106129,50,1
106179,50,1
106229,50,1
106279,50,1
106329,50,1
106379,50,1
106429,50,1
106479,50,1
106529,50,1
106579,50,1
106629,50,1
106679,50,1
106729,50,1
106779,50,1
106829,50,1
106879,50,1
106929,50,1
106979,50,1
107029,50,1
107079,50,1
107129,50,1
107179,50,1
107229,50,1
107279,50,1
107329,50,1
107379,50,1
107429,50,1
107479,50,1
107529,50,1
107579,50,1
107629,50,1
107679,50,1
107729,50,1
107779,50,1
107829,50,1
107879,50,1
107929,50,1
107979,50,1
108029,50,1
108079,50,1
108129,50,1
108179,50,1
108229,50,1
108279,50,1
108329,50,1
108379,50,1
108429,50,1
108479,50,1
108529,50,1
108579,50,1
108629,50,1
108679,50,1
108729,50,1
108779,50,1
108829,50,1
108879,50,1
108929,50,1
108979,50,1
109029,50,1
109079,50,1
109129,50,1
109179,50,1
109229,50,1
109279,50,1
109329,50,1
109379,50,1
109429,50,1
109479,50,1
109529,50,1
109579,50,1
109629,50,1
109679,50,1
109729,50,1
109779,50,1
109829,50,1
109879,50,1
109929,50,1
109979,50,1
110029,50,1
110079,50,1
110129,50,1
110179,50,1
110229,50,1
110279,50,1
110329,50,1
110379,50,1
110429,50,1
110479,50,1
110529,50,1
110579,50,1
110629,50,1
110679,50,1
110729,50,1
110779,50,1
110829,50,1
110879,50,1
110929,50,1
110979,50,1
111029,50,1
111079,50,1
111129,50,1
111179,50,1
111229,50,1
111279,50,1
111329,50,1
111379,50,1
111429,50,1
111479,50,1
111529,50,1
111579,50,1
111629,50,1
111679,50,1
111729,50,1
111779,50,1
111829,50,1
111879,50,1
111929,50,1
111979,50,1
112029,50,1
112079,50,1
112129,50,1
112179,50,1
112229,50,1
112279,50,1
112329,50,1
112379,50,1
112429,50,1
112479,50,1
112529,50,1
112579,50,1
112629,50,1
112679,50,1
112729,50,1
112779,50,1
112829,50,1
112879,50,1
112929,50,1
112979,50,1
113029,50,1
113079,50,1
113129,50,1
113179,50,1
113229,50,1
113279,50,1
113329,50,1
113379,50,1
113429,50,1
113479,50,1
113529,50,1
113579,50,1
113629,50,1
113679,50,1
113729,50,1
113779,50,1
113829,50,1
113879,50,1
113929,50,1
113979,50,1
114029,50,1
114079,50,1
114129,50,1
114179,50,1
114229,50,1
114279,50,1
114329,50,1
114379,50,1
114429,50,1
114479,50,1
114529,50,1
114579,50,1
114629,50,1
114679,50,1
114729,50,1
114779,50,1
114829,50,1
114879,50,1
114929,50,1
114979,50,1
115029,50,1
115079,50,1
115129,50,1
115179,50,1
115229,50,1
115279,50,1
115329,50,1
115379,50,1
115429,50,1
115479,50,1
115529,50,1
115579,50,1
115629,50,1
115679,50,1
115729,50,1
115779,50,1
115829,50,1
115879,50,1
115929,50,1
115979,50,1
116029,50,1
116079,50,1
116129,50,1
116179,50,1
116229,50,1
116279,50,1
116329,50,1
116379,50,1
116429,50,1
116479,50,1
116529,50,1
116579,50,1
116629,50,1
116679,50,1
116729,50,1
116779,50,1
116829,50,1
116879,50,1
116929,50,1
116979,50,1
117029,50,1
117079,50,1
117129,50,1
117179,50,1
117229,50,1
117279,50,1
117329,50,1
117379,50,1
117429,50,1
117479,50,1
117529,50,1
117579,50,1
117629,50,1
117679,50,1
117729,50,1
117779,50,1
117829,50,1
117879,50,1
117929,50,1
117979,50,1
118029,50,1
118079,50,1
118129,50,1
118179,50,1
118229,50,1
118279,50,1
118329,50,1
118379,50,1
118429,50,1
118479,50,1
118529,50,1
118579,50,1
118629,50,1
118679,50,1
118729,50,1
118779,50,1
118829,50,1
118879,50,1
118929,50,1
118979,50,1
119029,50,1
119079,50,1
119129,50,1
119179,50,1
119229,50,1
119279,50,1
119329,50,1
119379,50,1
119429,50,1
119479,50,1
119529,50,1
119579,50,1
119629,50,1
119679,50,1
119729,50,1
119779,50,1
119829,50,1
119879,50,1
119929,50,1
119979,50,1
120029,50,1
120079,50,1
120129,50,1
120179,50,1
120229,50,1
120279,50,1
120329,50,1
120379,50,1
120429,50,1
120479,50,1
120529,50,1
120579,50,1
120629,50,1
120679,50,1
120729,50,1
120779,50,1
120829,50,1
120879,50,1
120929,50,1
120979,50,1
121029,50,1
121079,50,1
121129,50,1
121179,50,1
121229,50,1
121279,50,1
121329,50,1
121379,50,1
121429,50,1
121479,50,1
121529,50,1
121579,50,1
121629,50,1
121679,50,1
121729,50,1
121779,50,1
121829,50,1
121879,50,1
121929,50,1
121979,50,1
122029,50,1
122079,50,1
122129,50,1
122179,50,1
122229,50,1
122279,50,1
122329,50,1
122379,50,1
122429,50,1
122479,50,1
122529,50,1
122579,50,1
122629,50,1
122679,50,1
122729,50,1
122779,50,1
122829,50,1
122879,50,1
122929,50,1
122979,50,1
123029,50,1
123079,50,1
123129,50,1
123179,50,1
123229,50,1
123279,50,1
123329,50,1
123379,50,1
123429,50,1
123479,50,1
123529,50,1
123579,50,1
123629,50,1
123679,50,1
123729,50,1
123779,50,1
123829,50,1
123879,50,1
123929,50,1
123979,50,1
124029,50,1
124079,50,1
124129,50,1
124179,50,1
124229,50,1
124279,50,1
124329,50,1
124379,50,1
124429,50,1
124479,50,1
124529,50,1
124579,50,1
124629,50,1
124679,50,1
124729,50,1
124779,50,1
124829,50,1
124879,50,1
124929,50,1
124979,50,1
125029,50,1
125079,50,1
125129,50,1
125179,50,1
125229,50,1
125279,50,1
125329,50,1
125379,50,1
125429,50,1
125479,50,1
125529,50,1
125579,50,1
125629,50,1
125679,50,1
125729,50,1
125779,50,1
125829,50,1
125879,50,1
125929,50,1
125979,50,1
126029,50,1
126079,50,1
126129,50,1
126179,50,1
126229,50,1
126279,50,1
126329,50,1
126379,50,1
126429,50,1
126479,50,1
126529,50,1
126579,50,1
126629,50,1
126679,50,1
126729,50,1
126779,50,1
126829,50,1
126879,50,1
126929,50,1
126979,50,1
127029,50,1
127079,50,1
127129,50,1
127179,50,1
127229,50,1
127279,50,1
127329,50,1
127379,50,1
127429,50,1
127479,50,1
127529,50,1
127579,50,1
127629,50,1
127679,50,1
127729,50,1
127779,50,1
127829,50,1
127879,50,1
127929,50,1
127979,50,1
128029,50,1
128079,50,1
128129,50,1
128179,50,1
128229,50,1
128279,50,1
128329,50,1
128379,50,1
128429,50,1
128479,50,1
128529,50,1
128579,50,1
128629,50,1
128679,50,1
128729,50,1
128779,50,1
128829,50,1
128879,50,1
128929,50,1
128979,50,1
129029,50,1
129079,50,1
129129,50,1
129179,50,1
129229,50,1
129279,50,1
129329,50,1
129379,50,1
129429,50,1
129479,50,1
129529,50,1
129579,50,1
129629,50,1
129679,50,1
129729,50,1
129779,50,1
129829,50,1
129879,50,1
129929,50,1
129979,50,1
130029,50,1
130079,50,1
130129,50,1
130179,50,1
130229,50,1
130279,50,1
130329,50,1
130379,50,1
130429,50,1
130479,50,1
130529,50,1
130579,50,1
130629,50,1
130679,50,1
130729,50,1
130779,50,1
130829,50,1
130879,50,1
130929,50,1
130979,50,1
131029,50,1
131079,50,1
131129,50,1
131179,50,1
131229,50,1
131279,50,1
131329,50,1
131379,50,1
131429,50,1
131479,50,1
131529,50,1
131579,50,1
131629,50,1
131679,50,1
131729,50,1
131779,50,1
131829,50,1
131879,50,1
131929,50,1
131979,50,1
132029,50,1
132079,50,1
132129,50,1
132179,50,1
132229,50,1
132279,50,1
132329,50,1
132379,50,1
132429,50,1
132479,50,1
132529,50,1
132579,50,1
132629,50,1
132679,50,1
132729,50,1
132779,50,1
132829,50,1
132879,50,1
132929,50,1
132979,50,1
133029,50,1
133079,50,1
133129,50,1
133179,50,1
133229,50,1
133279,50,1
133329,50,1
133379,50,1
133429,50,1
133479,50,1
133529,50,1
133579,50,1
133629,50,1
133679,50,1
133729,50,1
133779,50,1
133829,50,1
133879,50,1
133929,50,1
133979,50,1
134030,51,0.9803921568627451
134080,50,1
134130,50,1
134180,50,1
134230,50,1
134280,50,1
134330,50,1
134380,50,1
134430,50,1
134480,50,1
134530,50,1
134580,50,1
134630,50,1
134680,50,1
134730,50,1
134780,50,1
134830,50,1
134880,50,1
134930,50,1
134980,50,1
135030,50,1
135080,50,1
135130,50,1
135180,50,1
135230,50,1
135280,50,1
135330,50,1
135380,50,1
135430,50,1
135480,50,1
135530,50,1
135580,50,1
135630,50,1
135680,50,1
135730,50,1
135780,50,1
135830,50,1
135880,50,1
135930,50,1
135980,50,1
136030,50,1
136080,50,1
136130,50,1
136180,50,1
136230,50,1
136280,50,1
136330,50,1
136380,50,1
136430,50,1
136480,50,1
136530,50,1
136580,50,1
136630,50,1
136680,50,1
136730,50,1
136780,50,1
136830,50,1
136880,50,1
136930,50,1
136980,50,1
137030,50,1
137080,50,1
137130,50,1
137180,50,1
137230,50,1
137280,50,1
137330,50,1
137380,50,1
137430,50,1
137480,50,1
137530,50,1
137580,50,1
137630,50,1
137680,50,1
137730,50,1
137780,50,1
137830,50,1
137880,50,1
137930,50,1
137980,50,1
138030,50,1
138080,50,1
138130,50,1
138180,50,1
138230,50,1
138280,50,1
138330,50,1
138380,50,1
138430,50,1
138480,50,1
138530,50,1
138580,50,1
138630,50,1
138680,50,1
138730,50,1
138780,50,1
138830,50,1
138880,50,1
138930,50,1
138980,50,1
139030,50,1
139080,50,1
139130,50,1
139180,50,1
139230,50,1
139280,50,1
139330,50,1
139380,50,1
139430,50,1
139480,50,1
139530,50,1
139580,50,1
139630,50,1
139680,50,1
139730,50,1
139780,50,1
139830,50,1
139880,50,1
139930,50,1
139980,50,1
140030,50,1
140080,50,1
140130,50,1
140180,50,1
140230,50,1
140280,50,1
140330,50,1
140380,50,1
140430,50,1
140480,50,1
140530,50,1
140580,50,1
140630,50,1
140680,50,1
140730,50,1
140780,50,1
140830,50,1
140880,50,1
140930,50,1
140980,50,1
141030,50,1
141080,50,1
141130,50,1
141180,50,1
141230,50,1
141280,50,1
141330,50,1
141380,50,1
141430,50,1
141480,50,1
141530,50,1
141580,50,1
141630,50,1
141680,50,1
141730,50,1
141780,50,1
141830,50,1
141880,50,1
141930,50,1
141980,50,1
142030,50,1
142080,50,1
142130,50,1
142180,50,1
142230,50,1
142280,50,1
142330,50,1
142380,50,1
142430,50,1
142480,50,1
142530,50,1
142580,50,1
142630,50,1
142680,50,1
142730,50,1
142780,50,1
142830,50,1
142880,50,1
142930,50,1
142980,50,1
143030,50,1
143080,50,1
143130,50,1
143180,50,1
143230,50,1
143280,50,1
143330,50,1
143380,50,1
143430,50,1
143480,50,1
143530,50,1
143580,50,1
143630,50,1
143680,50,1
143730,50,1
143780,50,1
143830,50,1
143880,50,1
143930,50,1
143980,50,1
144030,50,1
144080,50,1
144130,50,1
144180,50,1
144230,50,1
144280,50,1
144330,50,1
144380,50,1
144430,50,1
144480,50,1
144530,50,1
144580,50,1
144630,50,1
144680,50,1
144730,50,1
144780,50,1
144830,50,1
144880,50,1
144930,50,1
144980,50,1
145030,50,1
145080,50,1
145130,50,1
145180,50,1
145230,50,1
145280,50,1
145330,50,1
145380,50,1
145430,50,1
145480,50,1
145530,50,1
145580,50,1
145630,50,1
145680,50,1
145730,50,1
145780,50,1
145830,50,1
145880,50,1
145930,50,1
145980,50,1
146030,50,1
146080,50,1
146130,50,1
146180,50,1
146230,50,1
146280,50,1
146330,50,1
146380,50,1
146430,50,1
146480,50,1
146530,50,1
146580,50,1
146630,50,1
146680,50,1
146730,50,1
146780,50,1
146830,50,1
146880,50,1
146930,50,1
146980,50,1
147030,50,1
147080,50,1
147130,50,1
147180,50,1
147230,50,1
147280,50,1
147330,50,1
147380,50,1
147430,50,1
147480,50,1
147530,50,1
147580,50,1
147630,50,1
147680,50,1
147730,50,1
147780,50,1
147830,50,1
147880,50,1
147930,50,1
147980,50,1
148030,50,1
148080,50,1
148130,50,1
148180,50,1
148230,50,1
148280,50,1
148330,50,1
148380,50,1
148430,50,1
148480,50,1
148530,50,1
148580,50,1
148630,50,1
148680,50,1
148730,50,1
148780,50,1
148830,50,1
148880,50,1
148930,50,1
148980,50,1
149030,50,1
149080,50,1
149130,50,1
149180,50,1
149230,50,1
149280,50,1
149330,50,1
149380,50,1
149430,50,1
149480,50,1
149530,50,1
149580,50,1
149630,50,1
149680,50,1
149730,50,1
149780,50,1
149830,50,1
149880,50,1
149930,50,1
149980,50,1
150030,50,1
150080,50,1
150130,50,1
150180,50,1
150230,50,1
150280,50,1
150330,50,1
150380,50,1
150430,50,1
150480,50,1
150530,50,1
150580,50,1
150630,50,1
150680,50,1
150730,50,1
150780,50,1
150830,50,1
150880,50,1
150930,50,1
150980,50,1
151030,50,1
151080,50,1
151130,50,1
151180,50,1
151230,50,1
151280,50,1
151330,50,1
151380,50,1
151430,50,1
151480,50,1
151530,50,1
151580,50,1
151630,50,1
151680,50,1
151730,50,1
151780,50,1
151830,50,1
151880,50,1
151930,50,1
151980,50,1
152030,50,1
152080,50,1
152130,50,1
152180,50,1
152230,50,1
152280,50,1
152330,50,1
152380,50,1
152430,50,1
152480,50,1
152530,50,1
152580,50,1
152630,50,1
152680,50,1
152730,50,1
152780,50,1
152830,50,1
152880,50,1
152930,50,1
152980,50,1
153030,50,1
153080,50,1
153130,50,1
153180,50,1
153230,50,1
153280,50,1
153330,50,1
153380,50,1
153430,50,1
153480,50,1
153530,50,1
153580,50,1
153630,50,1
153680,50,1
153730,50,1
153780,50,1
153830,50,1
153880,50,1
153930,50,1
153980,50,1
154030,50,1
154080,50,1
154130,50,1
154180,50,1
154230,50,1
154280,50,1
154330,50,1
154380,50,1
154430,50,1
154480,50,1
154530,50,1
154580,50,1
154630,50,1
154680,50,1
154730,50,1
154780,50,1
154830,50,1
154880,50,1
154930,50,1
154980,50,1
155030,50,1
155080,50,1
155130,50,1
155180,50,1
155230,50,1
155280,50,1
155330,50,1
155380,50,1
155430,50,1
155480,50,1
155530,50,1
155580,50,1
155630,50,1
155680,50,1
155730,50,1
155780,50,1
155830,50,1
155880,50,1
155930,50,1
155980,50,1
156030,50,1
156080,50,1
156130,50,1
156180,50,1
156230,50,1
156280,50,1
156330,50,1
156380,50,1
156430,50,1
156480,50,1
156530,50,1
156580,50,1
156630,50,1
156680,50,1
156730,50,1
156780,50,1
156830,50,1
156880,50,1
156930,50,1
156980,50,1
157030,50,1
157080,50,1
157130,50,1
157180,50,1
157230,50,1
157280,50,1
157330,50,1
157380,50,1
157430,50,1
157480,50,1
157530,50,1
157580,50,1
157630,50,1
157680,50,1
157730,50,1
157780,50,1
157830,50,1
157880,50,1
157930,50,1
157980,50,1
158030,50,1
158080,50,1
158130,50,1
158180,50,1
158230,50,1
158280,50,1
158330,50,1
158380,50,1
158430,50,1
158480,50,1
158530,50,1
158580,50,1
158630,50,1
158680,50,1
158730,50,1
158780,50,1
158830,50,1
158880,50,1
158930,50,1
158980,50,1
159030,50,1
159080,50,1
159130,50,1
159180,50,1
159230,50,1
159280,50,1
159330,50,1
159380,50,1
159430,50,1
159480,50,1
159530,50,1
159580,50,1
159630,50,1
159680,50,1
159730,50,1
159780,50,1
159830,50,1
159880,50,1
159930,50,1
159980,50,1
160030,50,1
160080,50,1
160130,50,1
160180,50,1
160230,50,1
160280,50,1
160330,50,1
160380,50,1
160430,50,1
160480,50,1
160530,50,1
160580,50,1
160630,50,1
160680,50,1
160730,50,1
160780,50,1
160830,50,1
160880,50,1
160930,50,1
160980,50,1
161030,50,1
161080,50,1
161130,50,1
161180,50,1
161230,50,1
161280,50,1
161330,50,1
161380,50,1
161430,50,1
161480,50,1
161530,50,1
161580,50,1
161630,50,1
161680,50,1
161730,50,1
161780,50,1
161830,50,1
161880,50,1
161930,50,1
161980,50,1
162030,50,1
162080,50,1
162130,50,1
162180,50,1
162230,50,1
162280,50,1
162330,50,1
162380,50,1
162430,50,1
162480,50,1
162530,50,1
162580,50,1
162630,50,1
162680,50,1
162730,50,1
162780,50,1
162830,50,1
162880,50,1
162930,50,1
162980,50,1
163030,50,1
163080,50,1
163130,50,1
163180,50,1
163230,50,1
163280,50,1
163330,50,1
163380,50,1
163430,50,1
163480,50,1
163530,50,1
163580,50,1
163630,50,1
163680,50,1
163730,50,1
163780,50,1
163830,50,1
163880,50,1
163930,50,1
163980,50,1
164030,50,1
164080,50,1
164130,50,1
164180,50,1
164230,50,1
164280,50,1
164330,50,1
164380,50,1
164430,50,1
164480,50,1
164530,50,1
164580,50,1
164630,50,1
164680,50,1
164730,50,1
164780,50,1
164830,50,1
164880,50,1
164930,50,1
164980,50,1
165030,50,1
165080,50,1
165130,50,1
165180,50,1
165230,50,1
165280,50,1
165330,50,1
165380,50,1
165430,50,1
165480,50,1
165530,50,1
165580,50,1
165630,50,1
165680,50,1
165730,50,1
165780,50,1
165830,50,1
165880,50,1
165930,50,1
165980,50,1
166030,50,1
166080,50,1
166130,50,1
166180,50,1
166230,50,1
166280,50,1
166330,50,1
166380,50,1
166430,50,1
166480,50,1
166530,50,1
166580,50,1
166630,50,1
166680,50,1
166730,50,1
166780,50,1
166830,50,1
166880,50,1
166930,50,1
166980,50,1
167030,50,1
167080,50,1
167130,50,1
167180,50,1
167230,50,1
167280,50,1
167330,50,1
167380,50,1
167430,50,1
167480,50,1
167530,50,1
167580,50,1
167630,50,1
167680,50,1
167730,50,1
167780,50,1
167830,50,1
167880,50,1
167930,50,1
167980,50,1
168030,50,1
168080,50,1
168130,50,1
168180,50,1
168230,50,1
168280,50,1
168330,50,1
168380,50,1
168430,50,1
168480,50,1
168530,50,1
168580,50,1
168630,50,1
168680,50,1
168730,50,1
168780,50,1
168830,50,1
168880,50,1
168930,50,1
168980,50,1
169030,50,1
169080,50,1
169130,50,1
169180,50,1
169230,50,1
169280,50,1
169330,50,1
169380,50,1
169430,50,1
169480,50,1
169530,50,1
169580,50,1
169630,50,1
169680,50,1
169730,50,1
169780,50,1
169830,50,1
169880,50,1
169930,50,1
169980,50,1
170030,50,1
170080,50,1
170130,50,1
170180,50,1
170230,50,1
170280,50,1
170330,50,1
170380,50,1
170430,50,1
170480,50,1
170530,50,1
170580,50,1
170630,50,1
170680,50,1
170730,50,1
170780,50,1
170830,50,1
170880,50,1
170930,50,1
170980,50,1
171030,50,1
171080,50,1
171130,50,1
171180,50,1
171230,50,1
171280,50,1
171330,50,1
171380,50,1
171430,50,1
171480,50,1
171530,50,1
171580,50,1
171630,50,1
171680,50,1
171730,50,1
171780,50,1
171830,50,1
171880,50,1
171930,50,1
171980,50,1
172030,50,1
172080,50,1
172130,50,1
172180,50,1
172230,50,1
172280,50,1
172330,50,1
172380,50,1
172430,50,1
172480,50,1
172530,50,1
172580,50,1
172630,50,1
172680,50,1
172730,50,1
172780,50,1
172830,50,1
172880,50,1
172930,50,1
172980,50,1
173030,50,1
173080,50,1
173130,50,1
173180,50,1
173230,50,1
173280,50,1
173330,50,1
173380,50,1
173430,50,1
173480,50,1
173530,50,1
173580,50,1
173630,50,1
173680,50,1
173730,50,1
173780,50,1
173830,50,1
173880,50,1
173930,50,1
173980,50,1
174030,50,1
174080,50,1
174130,50,1
174180,50,1
174230,50,1
174280,50,1
174330,50,1
174380,50,1
174430,50,1
174480,50,1
174530,50,1
174580,50,1
174630,50,1
174680,50,1
174730,50,1
174780,50,1
174830,50,1
174880,50,1
174930,50,1
174980,50,1
175030,50,1
175080,50,1
175130,50,1
175180,50,1
175230,50,1
175280,50,1
175330,50,1
175380,50,1
175430,50,1
175480,50,1
175530,50,1
175580,50,1
175630,50,1
175680,50,1
175730,50,1
175780,50,1
175830,50,1
175880,50,1
175930,50,1
175980,50,1
176030,50,1
176080,50,1
176130,50,1
176180,50,1
176230,50,1
176280,50,1
176330,50,1
176380,50,1
176430,50,1
176480,50,1
176530,50,1
176580,50,1
176630,50,1
176680,50,1
176730,50,1
176780,50,1
176830,50,1
176880,50,1
176930,50,1
176980,50,1
177031,51,0.9803921568627451
177081,50,1
177131,50,1
177181,50,1
177231,50,1
177281,50,1
177331,50,1
177381,50,1
177431,50,1
177481,50,1
177531,50,1
177581,50,1
177631,50,1
177681,50,1
177731,50,1
177781,50,1
177831,50,1
177881,50,1
177931,50,1
177981,50,1
178031,50,1
178081,50,1
178131,50,1
178181,50,1
178231,50,1
178281,50,1
178331,50,1
178381,50,1
178431,50,1
178481,50,1
178531,50,1
178581,50,1
178631,50,1
178681,50,1
178731,50,1
178781,50,1
178831,50,1
178881,50,1
178931,50,1
178981,50,1
179031,50,1
179081,50,1
179131,50,1
179181,50,1
179231,50,1
179281,50,1
179331,50,1
179381,50,1
179431,50,1
179481,50,1
179531,50,1
179581,50,1
179631,50,1
179681,50,1
179731,50,1
179781,50,1
179831,50,1
179881,50,1
179931,50,1
179981,50,1
180031,50,1
180081,50,1
180131,50,1
180181,50,1
180231,50,1
180281,50,1
180331,50,1
180381,50,1
180431,50,1
180481,50,1
180531,50,1
180581,50,1
180631,50,1
180681,50,1
180731,50,1
180781,50,1
180831,50,1
180881,50,1
180931,50,1
180981,50,1
181031,50,1
181081,50,1
181131,50,1
181181,50,1
181231,50,1
181281,50,1
181331,50,1
181381,50,1
181431,50,1
181481,50,1
181531,50,1
181581,50,1
181631,50,1
181681,50,1
181731,50,1
181781,50,1
181831,50,1
181881,50,1
181931,50,1
181981,50,1
182031,50,1
182081,50,1
182131,50,1
182181,50,1
182231,50,1
182281,50,1
182331,50,1
182381,50,1
182431,50,1
182481,50,1
182531,50,1
182581,50,1
182631,50,1
182681,50,1
182731,50,1
182781,50,1
182831,50,1
182881,50,1
182931,50,1
182981,50,1
183031,50,1
183081,50,1
183131,50,1
183181,50,1
183231,50,1
183281,50,1
183331,50,1
183381,50,1
183431,50,1
183481,50,1
183531,50,1
183581,50,1
183631,50,1
183681,50,1
183731,50,1
183781,50,1
183831,50,1
183881,50,1
183931,50,1
183981,50,1
184031,50,1
184081,50,1
184131,50,1
184181,50,1
184231,50,1
184281,50,1
184331,50,1
184381,50,1
184431,50,1
184481,50,1
184531,50,1
184581,50,1
184631,50,1
184681,50,1
184731,50,1
184781,50,1
184831,50,1
184881,50,1
184931,50,1
184981,50,1
185031,50,1
185081,50,1
185131,50,1
185181,50,1
185231,50,1
185281,50,1
185331,50,1
185381,50,1
185431,50,1
185481,50,1
185531,50,1
185581,50,1
185631,50,1
185681,50,1
185731,50,1
185781,50,1
185831,50,1
185881,50,1
185931,50,1
185981,50,1
186031,50,1
186081,50,1
186131,50,1
186181,50,1
186231,50,1
186281,50,1
186331,50,1
186381,50,1
186431,50,1
186481,50,1
186531,50,1
186581,50,1
186631,50,1
186681,50,1
186731,50,1
186781,50,1
186831,50,1
186881,50,1
186931,50,1
186981,50,1
187031,50,1
187081,50,1
187131,50,1
187181,50,1
187231,50,1
187281,50,1
187331,50,1
187381,50,1
187431,50,1
187481,50,1
187531,50,1
187581,50,1
187631,50,1
187681,50,1
187731,50,1
187781,50,1
187831,50,1
187881,50,1
187931,50,1
187981,50,1
188031,50,1
188081,50,1
188131,50,1
188181,50,1
188231,50,1
188281,50,1
188331,50,1
188381,50,1
188431,50,1
188481,50,1
188531,50,1
188581,50,1
188631,50,1
188681,50,1
188731,50,1
188781,50,1
188831,50,1
188881,50,1
188931,50,1
188981,50,1
189031,50,1
189081,50,1
189131,50,1
189181,50,1
189231,50,1
189281,50,1
189331,50,1
189381,50,1
189431,50,1
189481,50,1
189531,50,1
189581,50,1
189631,50,1
189681,50,1
189731,50,1
189781,50,1
189831,50,1
189881,50,1
189931,50,1
189981,50,1
190031,50,1
190081,50,1
190131,50,1
190181,50,1
190231,50,1
190281,50,1
190331,50,1
190381,50,1
190431,50,1
190481,50,1
190531,50,1
190581,50,1
190631,50,1
190681,50,1
190731,50,1
190781,50,1
190831,50,1
190881,50,1
190931,50,1
190981,50,1
191031,50,1
191081,50,1
191131,50,1
191181,50,1
191231,50,1
191281,50,1
191331,50,1
191381,50,1
191431,50,1
191481,50,1
191531,50,1
191581,50,1
191631,50,1
191681,50,1
191731,50,1
191781,50,1
191831,50,1
191881,50,1
191931,50,1
191981,50,1
192031,50,1
192081,50,1
192131,50,1
192181,50,1
192231,50,1
192281,50,1
192331,50,1
192381,50,1
192431,50,1
192481,50,1
192531,50,1
192581,50,1
192631,50,1
192681,50,1
192731,50,1
192781,50,1
192831,50,1
192881,50,1
192931,50,1
192981,50,1
193031,50,1
193081,50,1
193131,50,1
193181,50,1
193231,50,1
193281,50,1
193331,50,1
193381,50,1
193431,50,1
193481,50,1
193531,50,1
193581,50,1
193631,50,1
193681,50,1
193731,50,1
193781,50,1
193831,50,1
193881,50,1
193931,50,1
193981,50,1
194031,50,1
194081,50,1
194131,50,1
194181,50,1
194231,50,1
194281,50,1
194331,50,1
194381,50,1
194431,50,1
194481,50,1
194531,50,1
194581,50,1
194631,50,1
194681,50,1
194731,50,1
194781,50,1
194831,50,1
194881,50,1
194931,50,1
194981,50,1
195031,50,1
195081,50,1
195131,50,1
195181,50,1
195231,50,1
195281,50,1
195331,50,1
195381,50,1
195431,50,1
195481,50,1
195531,50,1
195581,50,1
195631,50,1
195681,50,1
195731,50,1
195781,50,1
195831,50,1
195881,50,1
195931,50,1
195981,50,1
196031,50,1
196081,50,1
196131,50,1
196181,50,1
196231,50,1
196281,50,1
196331,50,1
196381,50,1
196431,50,1
196481,50,1
196531,50,1
196581,50,1
196631,50,1
196681,50,1
196731,50,1
196781,50,1
196831,50,1
196881,50,1
196931,50,1
196981,50,1
197031,50,1
197081,50,1
197131,50,1
197181,50,1
197231,50,1
197281,50,1
197331,50,1
197381,50,1
197431,50,1
197481,50,1
197531,50,1
197581,50,1
197631,50,1
197681,50,1
197731,50,1
197781,50,1
197831,50,1
197881,50,1
197931,50,1
197981,50,1
198031,50,1
198081,50,1
198131,50,1
198181,50,1
198231,50,1
198281,50,1
198331,50,1
198381,50,1
198431,50,1
198481,50,1
198531,50,1
198581,50,1
198631,50,1
198681,50,1
198731,50,1
198781,50,1
198831,50,1
198881,50,1
198931,50,1
198981,50,1
199031,50,1
199081,50,1
199131,50,1
199181,50,1
199231,50,1
199281,50,1
199331,50,1
199381,50,1
199431,50,1
199481,50,1
199531,50,1
199581,50,1
199631,50,1
199681,50,1
199731,50,1
199781,50,1
199831,50,1
199881,50,1
199931,50,1
199981,50,1
200031,50,1
200081,50,1
200131,50,1
200181,50,1
200231,50,1
200281,50,1
200331,50,1
200381,50,1
200431,50,1
200481,50,1
200531,50,1
200581,50,1
200631,50,1
200681,50,1
200731,50,1
200781,50,1
200831,50,1
200881,50,1
200931,50,1
200981,50,1
201031,50,1
201081,50,1
201131,50,1
201181,50,1
201231,50,1
201281,50,1
201331,50,1
201381,50,1
201431,50,1
201481,50,1
201531,50,1
201581,50,1
201631,50,1
201681,50,1
201731,50,1
201781,50,1
201831,50,1
201881,50,1
201931,50,1
201981,50,1
202031,50,1
202081,50,1
202131,50,1
202181,50,1
202231,50,1
202281,50,1
202331,50,1
202381,50,1
202431,50,1
202481,50,1
202531,50,1
202581,50,1
202631,50,1
202681,50,1
202731,50,1
202781,50,1
202831,50,1
202881,50,1
202931,50,1
202981,50,1
203031,50,1
203081,50,1
203131,50,1
203181,50,1
203231,50,1
203281,50,1
203331,50,1
203381,50,1
203431,50,1
203481,50,1
203531,50,1
203581,50,1
203631,50,1
203681,50,1
203731,50,1
203781,50,1
203831,50,1
203881,50,1
203931,50,1
203981,50,1
204031,50,1
204081,50,1
204131,50,1
204181,50,1
204231,50,1
204281,50,1
204331,50,1
204381,50,1
204431,50,1
204481,50,1
204531,50,1
204581,50,1
204631,50,1
204681,50,1
204731,50,1
204781,50,1
204831,50,1
204881,50,1
204931,50,1
204981,50,1
205031,50,1
205081,50,1
205131,50,1
205181,50,1
205231,50,1
205281,50,1
205331,50,1
205381,50,1
205431,50,1
205481,50,1
205531,50,1
205581,50,1
205631,50,1
205681,50,1
205731,50,1
205781,50,1
205831,50,1
205881,50,1
205931,50,1
205981,50,1
206031,50,1
206081,50,1
206131,50,1
206181,50,1
206231,50,1
206281,50,1
206331,50,1
206381,50,1
206431,50,1
206481,50,1
206531,50,1
206581,50,1
206631,50,1
206681,50,1
206731,50,1
206781,50,1
206831,50,1
206881,50,1
206931,50,1
206981,50,1
207031,50,1
207081,50,1
207131,50,1
207181,50,1
207231,50,1
207281,50,1
207331,50,1
207381,50,1
207431,50,1
207481,50,1
207531,50,1
207581,50,1
207631,50,1
207681,50,1
207731,50,1
207781,50,1
207831,50,1
207881,50,1
207931,50,1
207981,50,1
208031,50,1
208081,50,1
208131,50,1
208181,50,1
208231,50,1
208281,50,1
208331,50,1
208381,50,1
208431,50,1
208481,50,1
208531,50,1
208581,50,1
208631,50,1
208681,50,1
208731,50,1
208781,50,1
208831,50,1
208881,50,1
208931,50,1
208981,50,1
209031,50,1
209081,50,1
209131,50,1
209181,50,1
209231,50,1
209281,50,1
209331,50,1
209381,50,1
209431,50,1
209481,50,1
209531,50,1
209581,50,1
209631,50,1
209681,50,1
209731,50,1
209781,50,1
209831,50,1
209881,50,1
209931,50,1
209981,50,1
210031,50,1
210081,50,1
210131,50,1
210181,50,1
210231,50,1
210281,50,1
210331,50,1
210381,50,1
210431,50,1
210481,50,1
210531,50,1
210581,50,1
210631,50,1
210681,50,1
210731,50,1
210781,50,1
210831,50,1
210881,50,1
210931,50,1
210981,50,1
211031,50,1
211081,50,1
211131,50,1
211181,50,1
211231,50,1
211281,50,1
211331,50,1
211381,50,1
211431,50,1
211481,50,1
211531,50,1
211581,50,1
211631,50,1
211681,50,1
211731,50,1
211781,50,1
211831,50,1
211881,50,1
211931,50,1
211981,50,1
212031,50,1
212081,50,1
212131,50,1
212181,50,1
212231,50,1
212281,50,1
212331,50,1
212381,50,1
212431,50,1
212481,50,1
212531,50,1
212581,50,1
212631,50,1
212681,50,1
212731,50,1
212781,50,1
212831,50,1
212881,50,1
212931,50,1
212981,50,1
213031,50,1
213081,50,1
213131,50,1
213181,50,1
213231,50,1
213281,50,1
213331,50,1
213381,50,1
213431,50,1
213481,50,1
213531,50,1
213581,50,1
213631,50,1
213681,50,1
213731,50,1
213781,50,1
213831,50,1
213881,50,1
213931,50,1
213981,50,1
214031,50,1
214081,50,1
214131,50,1
214181,50,1
214231,50,1
214281,50,1
214331,50,1
214381,50,1
214431,50,1
214481,50,1
214531,50,1
214581,50,1
214631,50,1
214681,50,1
214731,50,1
214781,50,1
214831,50,1
214881,50,1
214931,50,1
214981,50,1
215031,50,1
215081,50,1
215131,50,1
215181,50,1
215231,50,1
215281,50,1
215331,50,1
215381,50,1
215431,50,1
215481,50,1
215531,50,1
215581,50,1
215631,50,1
215681,50,1
215731,50,1
215781,50,1
215831,50,1
215881,50,1
215931,50,1
215981,50,1
216031,50,1
216081,50,1
216131,50,1
216181,50,1
216231,50,1
216281,50,1
216331,50,1
216381,50,1
216431,50,1
216481,50,1
216531,50,1
216581,50,1
216631,50,1
216681,50,1
216731,50,1
216781,50,1
216831,50,1
216881,50,1
216931,50,1
216981,50,1
217031,50,1
217081,50,1
217131,50,1
217181,50,1
217231,50,1
217281,50,1
217331,50,1
217381,50,1
217431,50,1
217481,50,1
217531,50,1
217581,50,1
217631,50,1
217681,50,1
217731,50,1
217781,50,1
217831,50,1
217881,50,1
217931,50,1
217981,50,1
218031,50,1
218081,50,1
218131,50,1
218181,50,1
218231,50,1
218281,50,1
218331,50,1
218381,50,1
218431,50,1
218481,50,1
218531,50,1
218581,50,1
218631,50,1
218681,50,1
218731,50,1
218781,50,1
218831,50,1
218881,50,1
218931,50,1
218981,50,1
219031,50,1
219081,50,1
219131,50,1
219181,50,1
219231,50,1
219281,50,1
219331,50,1
219381,50,1
219431,50,1
219481,50,1
219531,50,1
219581,50,1
219631,50,1
219681,50,1
219731,50,1
219781,50,1
219831,50,1
219881,50,1
219931,50,1
219981,50,1
220031,50,1
220081,50,1
220131,50,1
220181,50,1
220231,50,1
220281,50,1
220331,50,1
220381,50,1
220431,50,1
220481,50,1
220531,50,1
220581,50,1
220631,50,1
220681,50,1
220731,50,1
220781,50,1
220831,50,1
220881,50,1
220931,50,1
220981,50,1
221031,50,1
221081,50,1
221131,50,1
221181,50,1
221231,50,1
221281,50,1
221331,50,1
221381,50,1
221431,50,1
221481,50,1
221531,50,1
221581,50,1
221631,50,1
221681,50,1
221731,50,1
221781,50,1
221831,50,1
221881,50,1
221931,50,1
221981,50,1
222031,50,1
222081,50,1
222131,50,1
222181,50,1
222231,50,1
222281,50,1
222331,50,1
222381,50,1
222431,50,1
222481,50,1
222531,50,1
222581,50,1
222631,50,1
222681,50,1
222731,50,1
222781,50,1
222831,50,1
222881,50,1
222931,50,1
222981,50,1
223031,50,1
223081,50,1
223131,50,1
223181,50,1
223231,50,1
223281,50,1
223331,50,1
223381,50,1
223431,50,1
223481,50,1
223531,50,1
223581,50,1
223631,50,1
223681,50,1
223731,50,1
223781,50,1
223831,50,1
223881,50,1
223931,50,1
223981,50,1
224031,50,1
224081,50,1
224131,50,1
224181,50,1
224231,50,1
224281,50,1
224331,50,1
224381,50,1
224431,50,1
224481,50,1
224531,50,1
224581,50,1
224631,50,1
224681,50,1
224731,50,1
224781,50,1
224831,50,1
224881,50,1
224931,50,1
224981,50,1
225031,50,1
225081,50,1
225131,50,1
225181,50,1
225231,50,1
225281,50,1
225331,50,1
225381,50,1
225431,50,1
225481,50,1
225531,50,1
225581,50,1
225631,50,1
225681,50,1
225731,50,1
225781,50,1
225831,50,1
225881,50,1
225931,50,1
225981,50,1
226031,50,1
226081,50,1
226131,50,1
226181,50,1
226231,50,1
226281,50,1
226331,50,1
226381,50,1
226431,50,1
226481,50,1
226531,50,1
226581,50,1
226631,50,1
226681,50,1
226731,50,1
226781,50,1
226831,50,1
226881,50,1
226931,50,1
226981,50,1
227031,50,1
227081,50,1
227131,50,1
227181,50,1
227231,50,1
227281,50,1
227331,50,1
227381,50,1
227431,50,1
227481,50,1
227531,50,1
227581,50,1
227631,50,1
227681,50,1
227731,50,1
227781,50,1
227831,50,1
227881,50,1
227931,50,1
227981,50,1
228031,50,1
228081,50,1
228131,50,1
228181,50,1
228231,50,1
228281,50,1
228331,50,1
228381,50,1
228431,50,1
228481,50,1
228531,50,1
228581,50,1
228631,50,1
228681,50,1
228731,50,1
228781,50,1
228831,50,1
228881,50,1
228931,50,1
228981,50,1
229031,50,1
229081,50,1
229131,50,1
229181,50,1
229231,50,1
229281,50,1
229331,50,1
229381,50,1
229431,50,1
229481,50,1
229531,50,1
229581,50,1
229631,50,1
229681,50,1
229731,50,1
229781,50,1
229831,50,1
229881,50,1
229931,50,1
229981,50,1
230031,50,1
230081,50,1
230131,50,1
230181,50,1
230231,50,1
230281,50,1
230331,50,1
230381,50,1
230431,50,1
230481,50,1
230531,50,1
230581,50,1
230631,50,1
230681,50,1
230731,50,1
230781,50,1
230831,50,1
230881,50,1
230931,50,1
230981,50,1
231031,50,1
231081,50,1
231131,50,1
231181,50,1
231231,50,1
231281,50,1
231331,50,1
231381,50,1
231431,50,1
231481,50,1
231531,50,1
231581,50,1
231631,50,1
231681,50,1
231731,50,1
231781,50,1
231831,50,1
231881,50,1
231931,50,1
231981,50,1
232031,50,1
232081,50,1
232131,50,1
232181,50,1
232231,50,1
232281,50,1
232331,50,1
232381,50,1
232431,50,1
232481,50,1
232531,50,1
232581,50,1
232631,50,1
232681,50,1
232731,50,1
232781,50,1
232831,50,1
232881,50,1
232931,50,1
232981,50,1
233031,50,1
233081,50,1
233131,50,1
233181,50,1
233231,50,1
233281,50,1
233331,50,1
233381,50,1
233431,50,1
233481,50,1
233531,50,1
233581,50,1
233631,50,1
233681,50,1
233731,50,1
233781,50,1
233831,50,1
233881,50,1
233931,50,1
233981,50,1
234031,50,1
234081,50,1
234131,50,1
234181,50,1
234231,50,1
234281,50,1
234331,50,1
234381,50,1
234431,50,1
234481,50,1
234531,50,1
234581,50,1
234631,50,1
234681,50,1
234731,50,1
234781,50,1
234831,50,1
234881,50,1
234931,50,1
234981,50,1
235031,50,1
235081,50,1
235131,50,1
235181,50,1
235231,50,1
235281,50,1
235331,50,1
235381,50,1
235431,50,1
235481,50,1
235531,50,1
235581,50,1
235631,50,1
235681,50,1
235731,50,1
235781,50,1
235831,50,1
235881,50,1
235931,50,1
235981,50,1
236031,50,1
236081,50,1
236131,50,1
236181,50,1
236231,50,1
236281,50,1
236331,50,1
236381,50,1
236431,50,1
236481,50,1
236531,50,1
236581,50,1
236631,50,1
236681,50,1
236731,50,1
236781,50,1
236831,50,1
236881,50,1
236931,50,1
236981,50,1
237031,50,1
237081,50,1
237131,50,1
237181,50,1
237231,50,1
237281,50,1
237331,50,1
237381,50,1
237431,50,1
237481,50,1
237531,50,1
237581,50,1
237631,50,1
237681,50,1
237731,50,1
237781,50,1
237831,50,1
237881,50,1
237931,50,1
237981,50,1
238031,50,1
238081,50,1
238131,50,1
238181,50,1
238232,51,0.9803921568627451
238282,50,1
238332,50,1
238382,50,1
238432,50,1
238482,50,1
238532,50,1
238582,50,1
238632,50,1
238682,50,1
238732,50,1
238782,50,1
238832,50,1
238882,50,1
238932,50,1
238982,50,1
239032,50,1
239082,50,1
239132,50,1
239182,50,1
239232,50,1
239282,50,1
239332,50,1
239382,50,1
239432,50,1
239482,50,1
239532,50,1
239582,50,1
239632,50,1
239682,50,1
239732,50,1
239782,50,1
239832,50,1
239882,50,1
239932,50,1
239982,50,1
240032,50,1
240082,50,1
240132,50,1
240182,50,1
240232,50,1
240282,50,1
240332,50,1
240382,50,1
240432,50,1
240482,50,1
240532,50,1
240582,50,1
240632,50,1
240682,50,1
240732,50,1
240782,50,1
240832,50,1
240883,51,0.9803921568627451
240933,50,1
240983,50,1
241033,50,1
241083,50,1
241133,50,1
241183,50,1
241233,50,1
241283,50,1
241333,50,1
241383,50,1
241433,50,1
241483,50,1
241533,50,1
241583,50,1
241633,50,1
241683,50,1
241733,50,1
241783,50,1
241833,50,1
241883,50,1
241933,50,1
241983,50,1
242033,50,1
242083,50,1
242133,50,1
242183,50,1
242233,50,1
242283,50,1
242333,50,1
242383,50,1
242433,50,1
242483,50,1
242533,50,1
242583,50,1
242633,50,1
242683,50,1
242733,50,1
242783,50,1
242833,50,1
242883,50,1
242933,50,1
242983,50,1
243033,50,1
243083,50,1
243133,50,1
243183,50,1
243233,50,1
243283,50,1
243333,50,1
243383,50,1
243433,50,1
243483,50,1
243533,50,1
243583,50,1
243633,50,1
243683,50,1
243733,50,1
243783,50,1
243833,50,1
243883,50,1
243933,50,1
243983,50,1
244033,50,1
244083,50,1
244133,50,1
244183,50,1
244233,50,1
244283,50,1
244333,50,1
244383,50,1
244433,50,1
244483,50,1
244533,50,1
244583,50,1
244633,50,1
244683,50,1
244733,50,1
244783,50,1
244833,50,1
244883,50,1
244933,50,1
244983,50,1
245033,50,1
245083,50,1
245133,50,1
245183,50,1
245233,50,1
245283,50,1
245333,50,1
245383,50,1
245433,50,1
245483,50,1
245533,50,1
245583,50,1
245633,50,1
245683,50,1
245733,50,1
245783,50,1
245833,50,1
245883,50,1
245933,50,1
245983,50,1
246033,50,1
246083,50,1
246133,50,1
246183,50,1
246233,50,1
246283,50,1
246333,50,1
246383,50,1
246433,50,1
246483,50,1
246533,50,1
246583,50,1
246633,50,1
246683,50,1
246733,50,1
246783,50,1
246833,50,1
246883,50,1
246933,50,1
246983,50,1
247033,50,1
247083,50,1
247133,50,1
247183,50,1
247233,50,1
247283,50,1
247333,50,1
247383,50,1
247433,50,1
247483,50,1
247533,50,1
247583,50,1
247633,50,1
247683,50,1
247733,50,1
247783,50,1
247833,50,1
247883,50,1
247933,50,1
247983,50,1
248033,50,1
248083,50,1
248133,50,1
248183,50,1
248233,50,1
248283,50,1
248333,50,1
248383,50,1
248433,50,1
248483,50,1
248533,50,1
248583,50,1
248633,50,1
248683,50,1
248733,50,1
248783,50,1
248833,50,1
248883,50,1
248933,50,1
248983,50,1
249033,50,1
249083,50,1
249133,50,1
249183,50,1
249233,50,1
249283,50,1
249333,50,1
249383,50,1
249433,50,1
249483,50,1
249533,50,1
249583,50,1
249633,50,1
249683,50,1
249733,50,1
249783,50,1
249833,50,1
249883,50,1
249933,50,1
249983,50,1
250033,50,1
250083,50,1
250133,50,1
250183,50,1
250233,50,1
250283,50,1
250333,50,1
250383,50,1
250433,50,1
250483,50,1
250533,50,1
250583,50,1
250633,50,1
250683,50,1
250733,50,1
250783,50,1
250833,50,1
250883,50,1
250933,50,1
250983,50,1
251033,50,1
251083,50,1
251133,50,1
251183,50,1
251233,50,1
251283,50,1
251333,50,1
251383,50,1
251433,50,1
251483,50,1
251533,50,1
251583,50,1
251633,50,1
251683,50,1
251733,50,1
251783,50,1
251833,50,1
251883,50,1
251933,50,1
251983,50,1
252033,50,1
252083,50,1
252133,50,1
252183,50,1
252233,50,1
252283,50,1
252333,50,1
252383,50,1
252433,50,1
252483,50,1
252533,50,1
252583,50,1
252633,50,1
252683,50,1
252733,50,1
252783,50,1
252833,50,1
252883,50,1
252933,50,1
252983,50,1
253033,50,1
253083,50,1
253133,50,1
253183,50,1
253233,50,1
253283,50,1
253333,50,1
253383,50,1
253433,50,1
253483,50,1
253533,50,1
253583,50,1
253633,50,1
253683,50,1
253733,50,1
253783,50,1
253833,50,1
253883,50,1
253933,50,1
253983,50,1
254033,50,1
254083,50,1
254133,50,1
254183,50,1
254233,50,1
254283,50,1
254333,50,1
254383,50,1
254433,50,1
254483,50,1
254533,50,1
254583,50,1
254633,50,1
254683,50,1
254733,50,1
254783,50,1
254833,50,1
254883,50,1
254933,50,1
254983,50,1
255033,50,1
255083,50,1
255133,50,1
255183,50,1
255233,50,1
255283,50,1
255333,50,1
255383,50,1
255433,50,1
255483,50,1
255533,50,1
255583,50,1
255633,50,1
255683,50,1
255733,50,1
255783,50,1
255833,50,1
255883,50,1
255933,50,1
255983,50,1
256033,50,1
256083,50,1
256133,50,1
256183,50,1
256233,50,1
256283,50,1
256333,50,1
256383,50,1
256433,50,1
256483,50,1
256533,50,1
256583,50,1
256633,50,1
256683,50,1
256733,50,1
256783,50,1
256833,50,1
256883,50,1
256933,50,1
256983,50,1
257033,50,1
257083,50,1
257133,50,1
257183,50,1
257233,50,1
257283,50,1
257333,50,1
257383,50,1
257433,50,1
257483,50,1
257533,50,1
257583,50,1
257633,50,1
257683,50,1
257733,50,1
257783,50,1
257833,50,1
257883,50,1
257933,50,1
257983,50,1
258033,50,1
258083,50,1
258133,50,1
258183,50,1
258233,50,1
258283,50,1
258333,50,1
258383,50,1
258433,50,1
258483,50,1
258533,50,1
258583,50,1
258633,50,1
258683,50,1
258733,50,1
258783,50,1
258833,50,1
258883,50,1
258933,50,1
258983,50,1
259033,50,1
259083,50,1
259133,50,1
259183,50,1
259233,50,1
259283,50,1
259333,50,1
259383,50,1
259433,50,1
259483,50,1
259533,50,1
259583,50,1
259633,50,1
259683,50,1
259733,50,1
259783,50,1
259833,50,1
259883,50,1
259933,50,1
259983,50,1
260033,50,1
260083,50,1
260133,50,1
260183,50,1
260233,50,1
260283,50,1
260333,50,1
260383,50,1
260433,50,1
260483,50,1
260533,50,1
260583,50,1
260633,50,1
260683,50,1
260733,50,1
260783,50,1
260833,50,1
260883,50,1
260933,50,1
260983,50,1
261033,50,1
261083,50,1
261133,50,1
261183,50,1
261233,50,1
261283,50,1
261333,50,1
261383,50,1
261433,50,1
261483,50,1
261533,50,1
261583,50,1
261633,50,1
261683,50,1
261733,50,1
261783,50,1
261833,50,1
261883,50,1
261933,50,1
261983,50,1
262033,50,1
262083,50,1
262133,50,1
262183,50,1
262233,50,1
262283,50,1
262333,50,1
262383,50,1
262433,50,1
262483,50,1
262533,50,1
262583,50,1
262633,50,1
262683,50,1
262733,50,1
262783,50,1
262833,50,1
262883,50,1
262933,50,1
262983,50,1
263033,50,1
263083,50,1
263133,50,1
263183,50,1
263233,50,1
263283,50,1
263333,50,1
263383,50,1
263433,50,1
263483,50,1
263533,50,1
263583,50,1
263633,50,1
263683,50,1
263733,50,1
263783,50,1
263833,50,1
263883,50,1
263933,50,1
263983,50,1
264033,50,1
264083,50,1
264133,50,1
264183,50,1
264233,50,1
264283,50,1
264333,50,1
264383,50,1
264433,50,1
264483,50,1
264533,50,1
264583,50,1
264633,50,1
264683,50,1
264733,50,1
264783,50,1
264833,50,1
264883,50,1
264933,50,1
264983,50,1
265033,50,1
265083,50,1
265133,50,1
265183,50,1
265233,50,1
265283,50,1
265333,50,1
265383,50,1
265433,50,1
265483,50,1
265533,50,1
265583,50,1
265633,50,1
265683,50,1
265733,50,1
265783,50,1
265833,50,1
265883,50,1
265933,50,1
265983,50,1
266033,50,1
266083,50,1
266133,50,1
266183,50,1
266233,50,1
266283,50,1
266333,50,1
266383,50,1
266433,50,1
266483,50,1
266533,50,1
266583,50,1
266633,50,1
266683,50,1
266733,50,1
266783,50,1
266833,50,1
266883,50,1
266933,50,1
266983,50,1
267033,50,1
267083,50,1
267133,50,1
267183,50,1
267233,50,1
267283,50,1
267333,50,1
267383,50,1
267433,50,1
267483,50,1
267533,50,1
267583,50,1
267633,50,1
267683,50,1
267733,50,1
267783,50,1
267833,50,1
267883,50,1
267933,50,1
267983,50,1
268033,50,1
268083,50,1
268133,50,1
268183,50,1
268233,50,1
268283,50,1
268333,50,1
268383,50,1
268433,50,1
268483,50,1
268533,50,1
268583,50,1
268633,50,1
268683,50,1
268733,50,1
268783,50,1
268833,50,1
268883,50,1
268933,50,1
268983,50,1
269033,50,1
269083,50,1
269133,50,1
269183,50,1
269233,50,1
269283,50,1
269333,50,1
269383,50,1
269433,50,1
269483,50,1
269533,50,1
269583,50,1
269633,50,1
269683,50,1
269733,50,1
269783,50,1
269833,50,1
269883,50,1
269933,50,1
269983,50,1
270033,50,1
270083,50,1
270133,50,1
270183,50,1
270233,50,1
270283,50,1
270333,50,1
270383,50,1
270433,50,1
270483,50,1
270533,50,1
270583,50,1
270633,50,1
270683,50,1
270733,50,1
270783,50,1
270833,50,1
270883,50,1
270933,50,1
270983,50,1
271033,50,1
271083,50,1
271133,50,1
271183,50,1
271233,50,1
271283,50,1
271333,50,1
271383,50,1
271433,50,1
271483,50,1
271533,50,1
271583,50,1
271633,50,1
271683,50,1
271733,50,1
271783,50,1
271833,50,1
271883,50,1
271933,50,1
271983,50,1
272033,50,1
272083,50,1
272133,50,1
272183,50,1
272233,50,1
272284,51,0.9803921568627451
272334,50,1
272384,50,1
272434,50,1
272484,50,1
272534,50,1
272584,50,1
272634,50,1
272684,50,1
272734,50,1
272784,50,1
272834,50,1
272884,50,1
272934,50,1
272984,50,1
273034,50,1
273084,50,1
273134,50,1
273184,50,1
273234,50,1
273284,50,1
273334,50,1
273384,50,1
273434,50,1
273484,50,1
273534,50,1
273584,50,1
273634,50,1
273684,50,1
273734,50,1
273784,50,1
273834,50,1
273884,50,1
273934,50,1
273984,50,1
274034,50,1
274084,50,1
274134,50,1
274184,50,1
274234,50,1
274284,50,1
274334,50,1
274384,50,1
274434,50,1
274484,50,1
274534,50,1
274584,50,1
274634,50,1
274684,50,1
274734,50,1
274784,50,1
274834,50,1
274884,50,1
274934,50,1
274984,50,1
275034,50,1
275084,50,1
275134,50,1
275184,50,1
275234,50,1
275284,50,1
275334,50,1
275384,50,1
275434,50,1
275484,50,1
275534,50,1
275584,50,1
275634,50,1
275684,50,1
275734,50,1
275784,50,1
275834,50,1
275884,50,1
275934,50,1
275984,50,1
276034,50,1
276084,50,1
276134,50,1
276184,50,1
276234,50,1
276284,50,1
276334,50,1
276384,50,1
276434,50,1
276484,50,1
276534,50,1
276584,50,1
276634,50,1
276684,50,1
276734,50,1
276784,50,1
276834,50,1
276884,50,1
276934,50,1
276984,50,1
277034,50,1
277084,50,1
277134,50,1
277184,50,1
277234,50,1
277284,50,1
277334,50,1
277384,50,1
277434,50,1
277484,50,1
277534,50,1
277584,50,1
277634,50,1
277684,50,1
277734,50,1
277784,50,1
277834,50,1
277884,50,1
277934,50,1
277984,50,1
278034,50,1
278084,50,1
278134,50,1
278184,50,1
278234,50,1
278284,50,1
278334,50,1
278384,50,1
278434,50,1
278484,50,1
278534,50,1
278584,50,1
278634,50,1
278684,50,1
278734,50,1
278784,50,1
278834,50,1
278884,50,1
278934,50,1
278984,50,1
279034,50,1
279084,50,1
279134,50,1
279184,50,1
279234,50,1
279284,50,1
279334,50,1
279384,50,1
279434,50,1
279484,50,1
279534,50,1
279584,50,1
279634,50,1
279684,50,1
279734,50,1
279784,50,1
279834,50,1
279884,50,1
279934,50,1
279984,50,1
280034,50,1
280084,50,1
280134,50,1
280184,50,1
280234,50,1
280284,50,1
280334,50,1
280384,50,1
280434,50,1
280484,50,1
280534,50,1
280584,50,1
280634,50,1
280684,50,1
280734,50,1
280784,50,1
280834,50,1
280884,50,1
280934,50,1
280984,50,1
281034,50,1
281084,50,1
281134,50,1
281184,50,1
281234,50,1
281284,50,1
281334,50,1
281384,50,1
281434,50,1
281484,50,1
281534,50,1
281584,50,1
281634,50,1
281684,50,1
281734,50,1
281784,50,1
281834,50,1
281884,50,1
281934,50,1
281984,50,1
282034,50,1
282084,50,1
282134,50,1
282184,50,1
282234,50,1
282284,50,1
282334,50,1
282384,50,1
282434,50,1
282484,50,1
282534,50,1
282584,50,1
282634,50,1
282684,50,1
282734,50,1
282784,50,1
282834,50,1
282884,50,1
282934,50,1
282984,50,1
283034,50,1
283084,50,1
283134,50,1
283184,50,1
283234,50,1
283284,50,1
283334,50,1
283384,50,1
283434,50,1
283484,50,1
283534,50,1
283584,50,1
283634,50,1
283684,50,1
283734,50,1
283784,50,1
283834,50,1
283884,50,1
283934,50,1
283984,50,1
284034,50,1
284084,50,1
284134,50,1
284184,50,1
284234,50,1
284284,50,1
284334,50,1
284384,50,1
284434,50,1
284484,50,1
284534,50,1
284584,50,1
284634,50,1
284684,50,1
284734,50,1
284784,50,1
284834,50,1
284884,50,1
284934,50,1
284984,50,1
285034,50,1
285084,50,1
285134,50,1
285184,50,1
285234,50,1
285284,50,1
285334,50,1
285384,50,1
285434,50,1
285484,50,1
285534,50,1
285584,50,1
285634,50,1
285684,50,1
285734,50,1
285784,50,1
285834,50,1
285884,50,1
285934,50,1
285984,50,1
286034,50,1
286084,50,1
286134,50,1
286184,50,1
286234,50,1
286284,50,1
286334,50,1
286384,50,1
286434,50,1
286484,50,1
286534,50,1
286584,50,1
286634,50,1
286684,50,1
286734,50,1
286784,50,1
286834,50,1
286884,50,1
286934,50,1
286984,50,1
287034,50,1
287084,50,1
287134,50,1
287184,50,1
287234,50,1
287284,50,1
287334,50,1
287384,50,1
287434,50,1
287484,50,1
287534,50,1
287584,50,1
287634,50,1
287684,50,1
287734,50,1
287784,50,1
287834,50,1
287884,50,1
287934,50,1
287984,50,1
288034,50,1
288084,50,1
288134,50,1
288184,50,1
288234,50,1
288284,50,1
288334,50,1
288384,50,1
288434,50,1
288484,50,1
288534,50,1
288584,50,1
288634,50,1
288684,50,1
288734,50,1
288784,50,1
288834,50,1
288884,50,1
288934,50,1
288984,50,1
289034,50,1
289084,50,1
289134,50,1
289184,50,1
289234,50,1
289284,50,1
289334,50,1
289384,50,1
289434,50,1
289484,50,1
289534,50,1
289584,50,1
289634,50,1
289684,50,1
289734,50,1
289784,50,1
289834,50,1
289884,50,1
289934,50,1
289984,50,1
290034,50,1
290084,50,1
290134,50,1
290184,50,1
290234,50,1
290284,50,1
290334,50,1
290384,50,1
290434,50,1
290484,50,1
290534,50,1
290584,50,1
290634,50,1
290684,50,1
290734,50,1
290784,50,1
290834,50,1
290884,50,1
290934,50,1
290984,50,1
291034,50,1
291084,50,1
291134,50,1
291184,50,1
291234,50,1
291284,50,1
291334,50,1
291384,50,1
291434,50,1
291484,50,1
291534,50,1
291584,50,1
291634,50,1
291684,50,1
291734,50,1
291784,50,1
291834,50,1
291884,50,1
291934,50,1
291984,50,1
292034,50,1
292084,50,1
292134,50,1
292184,50,1
292234,50,1
292284,50,1
292334,50,1
292384,50,1
292434,50,1
292484,50,1
292534,50,1
292584,50,1
292634,50,1
292684,50,1
292734,50,1
292784,50,1
292834,50,1
292884,50,1
292934,50,1
292984,50,1
293034,50,1
293084,50,1
293134,50,1
293184,50,1
293234,50,1
293284,50,1
293334,50,1
293384,50,1
293434,50,1
293484,50,1
293534,50,1
293584,50,1
293634,50,1
293684,50,1
293734,50,1
293784,50,1
293834,50,1
293884,50,1
293934,50,1
293984,50,1
294034,50,1
294084,50,1
294134,50,1
294184,50,1
294234,50,1
294284,50,1
294334,50,1
294384,50,1
294434,50,1
294484,50,1
294534,50,1
294584,50,1
294634,50,1
294684,50,1
294734,50,1
294784,50,1
294834,50,1
294884,50,1
294934,50,1
294984,50,1
295034,50,1
295084,50,1
295134,50,1
295184,50,1
295234,50,1
295284,50,1
295334,50,1
295384,50,1
295434,50,1
295484,50,1
295534,50,1
295584,50,1
295634,50,1
295684,50,1
295734,50,1
295784,50,1
295834,50,1
295884,50,1
295934,50,1
295984,50,1
296034,50,1
296084,50,1
296134,50,1
296184,50,1
296234,50,1
296284,50,1
296334,50,1
296384,50,1
296434,50,1
296484,50,1
296534,50,1
296584,50,1
296634,50,1
296684,50,1
296734,50,1
296784,50,1
296834,50,1
296884,50,1
296934,50,1
296984,50,1
297034,50,1
297084,50,1
297134,50,1
297184,50,1
297234,50,1
297284,50,1
297334,50,1
297384,50,1
297434,50,1
297484,50,1
297534,50,1
297584,50,1
297634,50,1
297684,50,1
297734,50,1
297784,50,1
297834,50,1
297884,50,1
297934,50,1
297984,50,1
298034,50,1
298084,50,1
298134,50,1
298184,50,1
298234,50,1
298284,50,1
298334,50,1
298384,50,1
298434,50,1
298484,50,1
298534,50,1
298584,50,1
298634,50,1
298684,50,1
298734,50,1
298784,50,1
298834,50,1
298884,50,1
298934,50,1
298984,50,1
299034,50,1
299084,50,1
299134,50,1
299184,50,1
299234,50,1
299284,50,1
299334,50,1
299384,50,1
299434,50,1
299484,50,1
299534,50,1
299584,50,1
299634,50,1
299684,50,1
299734,50,1
299784,50,1
299834,50,1
299884,50,1
299934,50,1
299984,50,1
300034,50,1
300084,50,1
300134,50,1
300184,50,1
300249,65,0.7692307692307692