timeSinceStartMs,timeSinceLastInvocationMs,cpuUsage
1003,1001,0.9990009990009991
2003.9999999999995,1000.9999999999995,0.9990009990009996
3005,1001.0000000000005,0.9990009990009985
4006,1001,0.9990009990009991
5007,1001,0.9990009990009991
6008.000000000001,1001.0000000000009,0.999000999000998
7009,1000.9999999999991,0.999000999001
8010,1001,0.9990009990009991
9011,1001,0.9990009990009991
10012,1001,0.9990009990009991
11013,1001,0.9990009990009991
12014,1001,0.9990009990009991
13015,1001,0.9990009990009991
14016.000000000002,1001.0000000000018,0.9990009990009971
15017,1000.9999999999982,0.9990009990010009
16018,1001,0.9990009990009991
17019.000000000004,1001.0000000000036,0.9990009990009954
18020,1000.9999999999964,0.9990009990010027
19021,1001,0.9990009990009991
20022.000000000004,1001.0000000000036,0.9990009990009954
21023,1000.9999999999964,0.9990009990010027
22024,1001,0.9990009990009991
23025.000000000004,1001.0000000000036,0.9990009990009954
24026,1000.9999999999964,0.9990009990010027
25027,1001,0.9990009990009991
26028.000000000004,1001.0000000000036,0.9990009990009954
27029,1000.9999999999964,0.9990009990010027
28030,1001,0.9990009990009991
29031,1001,0.9990009990009991
30032.000000000004,1001.0000000000036,0.9990009990009954
31034,1001.9999999999964,0.9980039920159716
32035.000000000007,1001.0000000000073,0.9990009990009918
33037,1001.9999999999927,0.9980039920159753
34038.00000000001,1001.0000000000073,0.9990009990009918
35039,1000.9999999999927,0.9990009990010063
36040,1001,0.9990009990009991
37041.00000000001,1001.0000000000073,0.9990009990009918
38042,1000.9999999999927,0.9990009990010063
39043,1001,0.9990009990009991
40044.00000000001,1001.0000000000073,0.9990009990009918
41045,1000.9999999999927,0.9990009990010063
42046,1001,0.9990009990009991
43047.00000000001,1001.0000000000073,0.9990009990009918
44048,1000.9999999999927,0.9990009990010063
45049,1001,0.9990009990009991
46050.00000000001,1001.0000000000073,0.9990009990009918
47051,1000.9999999999927,0.9990009990010063
48052,1001,0.9990009990009991
49053.00000000001,1001.0000000000073,0.9990009990009918
50054,1000.9999999999927,0.9990009990010063
51055,1001,0.9990009990009991
52056.00000000001,1001.0000000000073,0.9990009990009918
53057,1000.9999999999927,0.9990009990010063
54058,1001,0.9990009990009991
55059.00000000001,1001.0000000000073,0.9990009990009918
56060,1000.9999999999927,0.9990009990010063
57061,1001,0.9990009990009991
58062,1001,0.9990009990009991
59063,1001,0.9990009990009991
60064,1001,0.9990009990009991
61065,1001,0.9990009990009991
62066,1001,0.9990009990009991
63067.00000000001,1001.0000000000073,0.9990009990009918
64068,1000.9999999999927,0.9990009990010063
65069,1001,0.9990009990009991
66070.00000000001,1001.0000000000146,0.9990009990009845
67071,1000.9999999999854,0.9990009990010135
68072,1001,0.9990009990009991
69073.00000000001,1001.0000000000146,0.9990009990009845
70074,1000.9999999999854,0.9990009990010135
71075,1001,0.9990009990009991
72076.00000000001,1001.0000000000146,0.9990009990009845
73077,1000.9999999999854,0.9990009990010135
74078,1001,0.9990009990009991
75079.00000000001,1001.0000000000146,0.9990009990009845
76080,1000.9999999999854,0.9990009990010135
77081,1001,0.9990009990009991
78082.00000000001,1001.0000000000146,0.9990009990009845
79083,1000.9999999999854,0.9990009990010135
80084,1001,0.9990009990009991
81085.00000000001,1001.0000000000146,0.9990009990009845
82086,1000.9999999999854,0.9990009990010135
83087,1001,0.9990009990009991
84088.00000000001,1001.0000000000146,0.9990009990009845
85089,1000.9999999999854,0.9990009990010135
86090,1001,0.9990009990009991
87091.00000000001,1001.0000000000146,0.9990009990009845
88092,1000.9999999999854,0.9990009990010135
89093,1001,0.9990009990009991
90094.00000000001,1001.0000000000146,0.9990009990009845
91095,1000.9999999999854,0.9990009990010135
92096,1001,0.9990009990009991
93097.00000000001,1001.0000000000146,0.9990009990009845
94098,1000.9999999999854,0.9990009990010135
95099,1001,0.9990009990009991
96100.00000000001,1001.0000000000146,0.9990009990009845
97101,1000.9999999999854,0.9990009990010135
98102,1001,0.9990009990009991
99103.00000000001,1001.0000000000146,0.9990009990009845
100104,1000.9999999999854,0.9990009990010135
101105,1001,0.9990009990009991
102106.00000000001,1001.0000000000146,0.9990009990009845
103107,1000.9999999999854,0.9990009990010135
104108,1001,0.9990009990009991
105109.00000000001,1001.0000000000146,0.9990009990009845
106111,1001.9999999999854,0.9980039920159827
107112.00000000001,1001.0000000000146,0.9990009990009845
108113,1000.9999999999854,0.9990009990010135
109114,1001,0.9990009990009991
110115.00000000001,1001.0000000000146,0.9990009990009845
111116,1000.9999999999854,0.9990009990010135
112117,1001,0.9990009990009991
113118.00000000001,1001.0000000000146,0.9990009990009845
114119,1000.9999999999854,0.9990009990010135
115120,1001,0.9990009990009991
116121.00000000001,1001.0000000000146,0.9990009990009845
117122,1000.9999999999854,0.9990009990010135
118123,1001,0.9990009990009991
119124.00000000001,1001.0000000000146,0.9990009990009845
120125,1000.9999999999854,0.9990009990010135
121126,1001,0.9990009990009991
122127.00000000001,1001.0000000000146,0.9990009990009845
123128,1000.9999999999854,0.9990009990010135
124129,1001,0.9990009990009991
125130,1001,0.9990009990009991
126131.00000000001,1001.0000000000146,0.9990009990009845
127131.99999999999,1000.9999999999709,0.9990009990010281
128133,1001.0000000000146,0.9990009990009845
129134,1001,0.9990009990009991
130135,1001,0.9990009990009991
131136,1001,0.9990009990009991
132137.00000000003,1001.0000000000291,0.9990009990009698
133138,1000.9999999999709,0.9990009990010281
134139,1001,0.9990009990009991
135140,1001,0.9990009990009991
136141,1001,0.9990009990009991
137142,1001,0.9990009990009991
138143.00000000003,1001.0000000000291,0.9990009990009698
139144,1000.9999999999709,0.9990009990010281
140145,1001,0.9990009990009991
141146,1001,0.9990009990009991
142147,1001,0.9990009990009991
143148,1001,0.9990009990009991
144149.00000000003,1001.0000000000291,0.9990009990009698
145150,1000.9999999999709,0.9990009990010281
146151,1001,0.9990009990009991
147152,1001,0.9990009990009991
148153,1001,0.9990009990009991
149154,1001,0.9990009990009991
150155.00000000003,1001.0000000000291,0.9990009990009698
151156,1000.9999999999709,0.9990009990010281
152157,1001,0.9990009990009991
153158,1001,0.9990009990009991
154159,1001,0.9990009990009991
155160,1001,0.9990009990009991
156161.00000000003,1001.0000000000291,0.9990009990009698
157162,1000.9999999999709,0.9990009990010281
158163,1001,0.9990009990009991
159164,1001,0.9990009990009991
160165,1001,0.9990009990009991
161166,1001,0.9990009990009991
162167.00000000003,1001.0000000000291,0.9990009990009698
163168,1000.9999999999709,0.9990009990010281
164170,1002,0.998003992015968
165171,1001,0.9990009990009991
166172,1001,0.9990009990009991
167173.00000000003,1001.0000000000291,0.9990009990009698
168174,1000.9999999999709,0.9990009990010281
169175,1001,0.9990009990009991
170176,1001,0.9990009990009991
171177,1001,0.9990009990009991
172178,1001,0.9990009990009991
173179.00000000003,1001.0000000000291,0.9990009990009698
174180,1000.9999999999709,0.9990009990010281
175181,1001,0.9990009990009991
176182,1001,0.9990009990009991
177183,1001,0.9990009990009991
178184,1001,0.9990009990009991
179185.00000000003,1001.0000000000291,0.9990009990009698
180186,1000.9999999999709,0.9990009990010281
181187,1001,0.9990009990009991
182188,1001,0.9990009990009991
183189,1001,0.9990009990009991
184190,1001,0.9990009990009991
185191.00000000003,1001.0000000000291,0.9990009990009698
186192,1000.9999999999709,0.9990009990010281
187193,1001,0.9990009990009991
188194,1001,0.9990009990009991
189195,1001,0.9990009990009991
190196,1001,0.9990009990009991
191197.00000000003,1001.0000000000291,0.9990009990009698
192198,1000.9999999999709,0.9990009990010281
193199,1001,0.9990009990009991
194200,1001,0.9990009990009991
195201,1001,0.9990009990009991
196202,1001,0.9990009990009991
197203.00000000003,1001.0000000000291,0.9990009990009698
198204,1000.9999999999709,0.9990009990010281
199205,1001,0.9990009990009991
200206,1001,0.9990009990009991
201207,1001,0.9990009990009991
202209.00000000003,1002.0000000000291,0.9980039920159391
203210,1000.9999999999709,0.9990009990010281
204211,1001,0.9990009990009991
205212,1001,0.9990009990009991
206213,1001,0.9990009990009991
207214,1001,0.9990009990009991
208215.00000000003,1001.0000000000291,0.9990009990009698
209216,1000.9999999999709,0.9990009990010281
210217,1001,0.9990009990009991
211218,1001,0.9990009990009991
212219,1001,0.9990009990009991
213220,1001,0.9990009990009991
214221.00000000003,1001.0000000000291,0.9990009990009698
215222,1000.9999999999709,0.9990009990010281
216223,1001,0.9990009990009991
217224,1001,0.9990009990009991
218225,1001,0.9990009990009991
219226,1001,0.9990009990009991
220227.00000000003,1001.0000000000291,0.9990009990009698
221228,1000.9999999999709,0.9990009990010281
222229,1001,0.9990009990009991
223230,1001,0.9990009990009991
224231,1001,0.9990009990009991
225232,1001,0.9990009990009991
226233.00000000003,1001.0000000000291,0.9990009990009698
227234,1000.9999999999709,0.9990009990010281
228235,1001,0.9990009990009991
229236,1001,0.9990009990009991
230237,1001,0.9990009990009991
231238,1001,0.9990009990009991
232239.00000000003,1001.0000000000291,0.9990009990009698
233240,1000.9999999999709,0.9990009990010281
234241,1001,0.9990009990009991
235242,1001,0.9990009990009991
236243,1001,0.9990009990009991
237244,1001,0.9990009990009991
238245.00000000003,1001.0000000000291,0.9990009990009698
239246,1000.9999999999709,0.9990009990010281
240247,1001,0.9990009990009991
241248,1001,0.9990009990009991
242249,1001,0.9990009990009991
243250,1001,0.9990009990009991
244251.00000000003,1001.0000000000291,0.9990009990009698
245252,1000.9999999999709,0.9990009990010281
246253,1001,0.9990009990009991
247254,1001,0.9990009990009991
248255,1001,0.9990009990009991
249256,1001,0.9990009990009991
250257.00000000003,1001.0000000000291,0.9990009990009698
251258,1000.9999999999709,0.9990009990010281
252259,1001,0.9990009990009991
253260,1001,0.9990009990009991
254261,1001,0.9990009990009991
255262,1001,0.9990009990009991
256263.00000000003,1001.0000000000291,0.9990009990009698
257264,1000.9999999999709,0.9990009990010281
258265.00000000003,1001.0000000000291,0.9990009990009698
259266,1000.9999999999709,0.9990009990010281
260267,1001,0.9990009990009991
261268,1001,0.9990009990009991
262269,1001,0.9990009990009991
263270,1001,0.9990009990009991
264271,1001,0.9990009990009991
265272,1001,0.9990009990009991
266273,1001,0.9990009990009991
267274,1001,0.9990009990009991
268275,1001,0.9990009990009991
269276,1001,0.9990009990009991
270277.00000000006,1001.0000000000582,0.9990009990009409
271278,1000.9999999999418,0.9990009990010572
272279,1001,0.9990009990009991
273280,1001,0.9990009990009991
274281,1001,0.9990009990009991
275282,1001,0.9990009990009991
276283,1001,0.9990009990009991
277284,1001,0.9990009990009991
278285,1001,0.9990009990009991
279286,1001,0.9990009990009991
280287,1001,0.9990009990009991
281288,1001,0.9990009990009991
282289.00000000006,1001.0000000000582,0.9990009990009409
283290,1000.9999999999418,0.9990009990010572
284291,1001,0.9990009990009991
285292,1001,0.9990009990009991
286293,1001,0.9990009990009991
287294,1001,0.9990009990009991
288295,1001,0.9990009990009991
289296,1001,0.9990009990009991
290297,1001,0.9990009990009991
291298,1001,0.9990009990009991
292299,1001,0.9990009990009991
293300,1001,0.9990009990009991
294301.00000000006,1001.0000000000582,0.9990009990009409
295302,1000.9999999999418,0.9990009990010572
296303,1001,0.9990009990009991
297304,1001,0.9990009990009991
298305,1001,0.9990009990009991
299306,1001,0.9990009990009991
300307,1001,0.9990009990009991
301314,1007,0.99304865938431