timeSinceStartMs,timeSinceLastInvocationMs,cpuUsage
50.999999999999545,50,1
100.99999999999955,50,1
150.99999999999955,50,1
200.99999999999955,50,1
250.99999999999955,50,1
300.99999999999955,50,1
350.99999999999955,50,1
400.99999999999955,50,1
450.99999999999955,50,1
500.99999999999955,50,1
550.9999999999995,50,1
600.9999999999995,50,1
650.9999999999995,50,1
700.9999999999995,50,1
750.9999999999995,50,1
800.9999999999995,50,1
850.9999999999995,50,1
900.9999999999995,50,1
950.9999999999995,50,1
1000.9999999999995,50,1
1050.9999999999995,50,1
1100.9999999999995,50,1
1150.9999999999995,50,1
1200.9999999999995,50,1
1250.9999999999995,50,1
1300.9999999999995,50,1
1350.9999999999995,50,1
1400.9999999999995,50,1
1450.9999999999995,50,1
1500.9999999999995,50,1
1550.9999999999995,50,1
1600.9999999999995,50,1
1650.9999999999995,50,1
1700.9999999999995,50,1
1750.9999999999995,50,1
1800.9999999999995,50,1
1850.9999999999995,50,1
1900.9999999999995,50,1
1950.9999999999995,50,1
2000.9999999999995,50,1
2050.9999999999995,50,1
2102.9999999999995,52,0.9615384615384615
2152.9999999999995,50,1
2203.9999999999995,51,0.9803921568627451
2253.9999999999995,50,1
2304.0000000000005,50.00000000000091,0.9999999999999818
2354.9999999999995,50.99999999999909,0.9803921568627626
2405.0000000000005,50.00000000000091,0.9999999999999818
2455.9999999999995,50.99999999999909,0.9803921568627626
2506.0000000000005,50.00000000000091,0.9999999999999818
2556.9999999999995,50.99999999999909,0.9803921568627626
2606.9999999999995,50,1
2656.9999999999995,50,1
2706.9999999999995,50,1
2756.9999999999995,50,1
2806.9999999999995,50,1
2856.9999999999995,50,1
2906.9999999999995,50,1
2956.9999999999995,50,1
3006.9999999999995,50,1
3056.9999999999995,50,1
3106.9999999999995,50,1
3156.9999999999995,50,1
3206.9999999999995,50,1
3256.9999999999995,50,1
3306.9999999999995,50,1
3356.9999999999995,50,1
3406.9999999999995,50,1
3456.9999999999995,50,1
3506.9999999999995,50,1
3556.9999999999995,50,1
3606.9999999999995,50,1
3656.9999999999995,50,1
3706.9999999999995,50,1
3756.9999999999995,50,1
3806.9999999999995,50,1
3856.9999999999995,50,1
3906.9999999999995,50,1
3956.9999999999995,50,1
4006.9999999999995,50,1
4056.9999999999995,50,1
4107,50,1
4157,50,1
4207,50,1
4257,50,1
4307,50,1
4357,50,1
4407,50,1
4457,50,1
4507,50,1
4557,50,1
4607,50,1
4657,50,1
4707,50,1
4757,50,1
4807,50,1
4857,50,1
4907,50,1
4957,50,1
5007,50,1
5057,50,1
5107,50,1
5157,50,1
5207,50,1
5257,50,1
5307,50,1
5357,50,1
5407,50,1
5457,50,1
5507,50,1
5557,50,1
5607,50,1
5657,50,1
5707,50,1
5757,50,1
5807,50,1
5857,50,1
5907,50,1
5957,50.00000000000091,0.9999999999999818
6007.999999999998,50.99999999999818,0.98039215686278
6058,50.00000000000091,0.9999999999999818
6108,50,1
6158,50,1
6208,50,1
6258,50,1
6308,50,1
6358,50,1
6408,50,1
6458,50,1
6508,50,1
6558,50,1
6608,50,1
6658,50,1
6708,50,1
6758,50,1
6808,50,1
6858,50,1
6908,50,1
6958,50,1
7008,50,1
7058,50,1
7108,50,1
7158,50,1
7208,50,1
7258,50,1
7308,50,1
7358,50,1
7408,50,1
7458,50,1
7508,50,1
7558,50,1
7608,50,1
7658,50,1
7708,50,1
7758,50,1
7808,50,1
7858,50,1
7908,50,1
7958,50,1
8008,50,1
8058,50,1
8108,50,1
8158,50,1
8208,50,1
8258,50,1
8308,50,1
8358,50,1
8408,50,1
8458,50,1
8508,50,1
8558,50,1
8608,50,1
8658,50,1
8708,50,1
8758,50,1
8808,50,1
8858,50,1
8908,50,1
8958,50,1
9008,50,1
9058,50,1
9108,50,1
9158,50,1
9208,50,1
9258,50,1
9308,50,1
9358,50,1
9408,50,1
9458,50,1
9508,50,1
9558,50,1
9608,50,1
9658,50,1
9708,50,1
9758,50,1
9808,50,1
9858,50,1
9908,50,1
9958,50,1
10008.000000000002,50.00000000000182,0.9999999999999636
10059,50.99999999999818,0.98039215686278
10109,50,1
10159.000000000002,50.00000000000182,0.9999999999999636
10210.000000000002,51,0.9803921568627451
10261,50.99999999999818,0.98039215686278
10311,50,1
10361,50,1
10411,50,1
10461,50,1
10511,50,1
10561,50,1
10611,50,1
10661,50,1
10711,50,1
10761,50,1
10811,50,1
10861,50,1
10911,50,1
10961,50,1
11011,50,1
11061,50,1
11111,50,1
11161,50,1
11211,50,1
11261,50,1
11311,50,1
11361,50,1
11411,50,1
11461,50,1
11511,50,1
11561,50,1
11611,50,1
11661,50,1
11711,50,1
11761,50,1
11811,50,1
11861,50,1
11911,50,1
11961,50,1
12011,50,1
12061,50,1
12111,50,1
12161,50,1
12211,50,1
12261,50,1
12311,50,1
12361,50,1
12411,50,1
12461,50,1
12511,50,1
12561,50,1
12611,50,1
12661,50,1
12711,50,1
12761,50,1
12811,50,1
12861,50,1
12911,50,1
12961,50,1
13011,50,1
13061,50,1
13111,50,1
13161,50,1
13211,50,1
13261,50,1
13311,50,1
13361,50,1
13411,50,1
13461,50,1
13511,50,1
13561,50,1
13611,50,1
13661,50,1
13711,50,1
13761,50,1
13811,50,1
13861,50,1
13911,50,1
13961,50,1
14011.000000000002,50.00000000000182,0.9999999999999636
14061.000000000002,50,1
14112,50.99999999999818,0.98039215686278
14162.000000000002,50.00000000000182,0.9999999999999636
14212.000000000002,50,1
14262,49.99999999999818,1.0000000000000364
14312,50,1
14362,50,1
14412,50,1
14462,50,1
14512,50,1
14562,50,1
14612,50,1
14662,50,1
14712,50,1
14762,50,1
14812,50,1
14862,50,1
14912,50,1
14962,50,1
15012,50,1
15062,50,1
15112,50,1
15162,50,1
15212,50,1
15262,50,1
15312,50,1
15362,50,1
15412,50,1
15462,50,1
15512,50,1
15562,50,1
15612,50,1
15662,50,1
15712,50,1
15762,50,1
15812,50,1
15862,50,1
15912,50,1
15962,50,1
16012,50,1
16062,50,1
16112,50,1
16162,50,1
16212,50,1
16262,50,1
16312,50,1
16362,50,1
16412,50,1
16462,50,1
16512,50,1
16562,50,1
16612,50,1
16662,50,1
16712,50,1
16762,50,1
16812,50,1
16862,50,1
16912,50,1
16962,50,1
17012,50,1
17062,50,1
17112,50,1
17162,50,1
17212,50,1
17262,50,1
17312,50,1
17362,50,1
17412,50,1
17462,50,1
17512,50,1
17562,50,1
17612,50,1
17662,50,1
17712,50,1
17762,50,1
17812,50,1
17862,50,1
17912,50,1
17962,50,1
18012,50,1
18062,50,1
18112,50,1
18162,50,1
18212,50,1
18262,50,1
18312,50,1
18362,50,1
18412,50,1
18462,50,1
18512,50,1
18562,50,1
18612,50,1
18662,50,1
18712,50,1
18762,50,1
18812,50,1
18862,50,1
18912,50,1
18962,50,1
19012,50,1
19062,50,1
19112,50,1
19162,50,1
19212,50,1
19262,50,1
19312,50,1
19362,50,1
19412,50,1
19462,50,1
19512,50,1
19562,50,1
19612,50,1
19662,50,1
19712,50,1
19762,50,1
19812,50,1
19862,50,1
19912,50,1
19962,50,1
20012,50,1
20062,50,1
20112,50,1
20162,50,1
20212,50,1
20262,50,1
20312,50,1
20362,50,1
20412,50,1
20462,50,1
20512,50,1
20562,50,1
20612,50,1
20662,50,1
20712,50,1
20762,50,1
20812,50,1
20862,50,1
20912,50,1
20962,50,1
21012,50,1
21062,50,1
21112,50,1
21162,50,1
21212,50,1
21262,50,1
21312,50,1
21362,50,1
21412,50,1
21462,50,1
21512,50,1
21562,50,1
21612,50,1
21662,50,1
21712,50,1
21762,50,1
21812,50,1
21862,50,1
21912,50,1
21962,50,1
22012,50,1
22062,50,1
22112,50,1
22162,50,1
22212,50,1
22262,50,1
22312,50,1
22362,50,1
22412,50,1
22462,50,1
22512,50,1
22562,50,1
22612,50,1
22662,50,1
22712,50,1
22762,50,1
22812,50,1
22862,50,1
22912,50,1
22962,50,1
23012,50,1
23062,50,1
23112,50,1
23162,50,1
23212,50,1
23262,50,1
23312,50,1
23362,50,1
23412,50,1
23462,50,1
23512,50,1
23562,50,1
23612,50,1
23662,50,1
23712,50,1
23762,50,1
23812,50,1
23862,50,1
23912,50,1
23962,50,1
24012,50,1
24062,50,1
24112,50,1
24162,50,1
24212,50,1
24262,50,1
24312,50,1
24362,50,1
24412,50,1
24462,50,1
24512,50,1
24562,50,1
24612,50,1
24662,50,1
24712,50,1
24762,50,1
24812,50,1
24862,50,1
24912,50,1
24962,50,1
25012,50,1
25062,50,1
25112,50,1
25162,50,1
25212,50,1
25262,50,1
25312,50,1
25362,50,1
25412,50,1
25462,50,1
25512,50,1
25562,50,1
25612,50,1
25662,50,1
25712,50,1
25762,50,1
25812,50,1
25862,50,1
25912,50,1
25962,50,1
26012,50,1
26062,50,1
26112,50,1
26162,50,1
26212,50,1
26262,50,1
26312,50,1
26362,50,1
26412,50,1
26462,50,1
26512,50,1
26562,50,1
26612,50,1
26662,50,1
26712,50,1
26762,50,1
26812,50,1
26862,50,1
26912,50,1
26962,50,1
27012,50,1
27062,50,1
27112,50,1
27162,50,1
27212,50,1
27262,50,1
27312,50,1
27362,50,1
27412,50,1
27462,50,1
27512,50,1
27562,50,1
27612,50,1
27662,50,1
27712,50,1
27762,50,1
27812,50,1
27862,50,1
27912,50,1
27962,50,1
28012,50,1
28062,50,1
28112,50,1
28162,50,1
28212,50,1
28262,50,1
28312,50,1
28362,50,1
28412,50,1
28462,50,1
28512,50,1
28562,50,1
28612,50,1
28662,50,1
28712,50,1
28762,50,1
28812,50,1
28862,50,1
28912,50,1
28962,50,1
29012,50,1
29062,50,1
29112,50,1
29162,50,1
29212,50,1
29262,50,1
29312,50,1
29362,50,1
29412,50,1
29462,50,1
29512,50,1
29562,50,1
29612,50,1
29662,50,1
29712,50,1
29762,50,1
29812,50,1
29862,50,1
29913.000000000004,51.00000000000364,0.9803921568626751
29964.000000000004,51,0.9803921568627451
30015,50.99999999999636,0.9803921568628151
30065.000000000004,50.00000000000364,0.9999999999999272
30115.999999999996,50.999999999992724,0.9803921568628848
30166.000000000004,50.000000000007276,0.9999999999998546
30216.999999999996,50.999999999992724,0.9803921568628848
30267,50.00000000000364,0.9999999999999272
30317,50,1
30367.000000000004,50.00000000000364,0.9999999999999272
30417.999999999996,50.999999999992724,0.9803921568628848
30468.000000000004,50.000000000007276,0.9999999999998546
30519.000000000004,51,0.9803921568627451
30570,50.99999999999636,0.9803921568628151
30620.000000000004,50.00000000000364,0.9999999999999272
30670,49.99999999999636,1.0000000000000728
30720,50,1
30770,50,1
30820,50,1
30870,50,1
30920,50,1
30970,50,1
31020,50,1
31070,50,1
31120,50,1
31170,50,1
31220,50,1
31270,50,1
31320,50,1
31370,50,1
31420,50,1
31470,50,1
31520,50,1
31570,50,1
31620,50,1
31670,50,1
31720,50,1
31770,50,1
31820,50,1
31870,50,1
31920,50,1
31970,50,1
32020,50,1
32070,50,1
32120,50,1
32170,50,1
32220,50,1
32270,50,1
32320,50,1
32370,50,1
32420,50,1
32470,50,1
32520,50,1
32570,50,1
32620,50,1
32670,50,1
32720,50,1
32770,50,1
32820,50,1
32870,50,1
32920,50,1
32970,50,1
33020,50,1
33070,50,1
33120,50,1
33170,50,1
33220,50,1
33270,50,1
33320,50,1
33370,50,1
33420,50,1
33470,50,1
33520,50,1
33570,50,1
33620,50,1
33670,50,1
33720,50,1
33770,50,1
33820,50,1
33870,50,1
33920,50,1
33970,50,1
34020,50,1
34070,50,1
34120,50,1
34170,50,1
34220,50,1
34270,50,1
34320,50,1
34370,50,1
34420,50,1
34470,50,1
34520,50,1
34570,50,1
34620,50,1
34670,50,1
34720,50,1
34770,50,1
34820,50,1
34870,50,1
34920,50,1
34970,50,1
35020,50,1
35070,50,1
35120,50,1
35170,50,1
35220,50,1
35270,50,1
35320,50,1
35370,50,1
35420,50,1
35470,50,1
35520,50,1
35570,50,1
35620,50,1
35670,50,1
35720,50,1
35770,50,1
35820,50,1
35870,50,1
35920,50,1
35970,50,1
36020,50,1
36070,50,1
36120,50,1
36170,50,1
36220,50,1
36270,50,1
36320,50,1
36370,50,1
36420,50,1
36470,50,1
36520,50,1
36570,50,1
36620,50,1
36670,50,1
36720,50,1
36770,50,1
36820,50,1
36870,50,1
36920,50,1
36970,50,1
37020,50,1
37070,50,1
37120,50,1
37170,50,1
37220,50,1
37270,50,1
37320,50,1
37370,50,1
37420,50,1
37470,50,1
37520,50,1
37570,50,1
37620,50,1
37670,50,1
37720,50,1
37770,50,1
37820,50,1
37870,50,1
37920,50,1
37970,50,1
38020,50,1
38070,50,1
38120,50,1
38170,50,1
38220,50,1
38270,50,1
38320,50,1
38370,50,1
38420,50,1
38470,50,1
38520,50,1
38570,50,1
38620,50,1
38670,50,1
38720,50,1
38770,50,1
38820,50,1
38870,50,1
38920,50,1
38970,50,1
39020,50,1
39070,50,1
39120,50,1
39170,50,1
39220,50,1
39270,50,1
39320,50,1
39370,50,1
39420,50,1
39470,50,1
39520,50,1
39570,50,1
39620,50,1
39670,50,1
39720,50,1
39770,50,1
39820,50,1
39870,50,1
39920,50,1
39970,50,1
40020,50,1
40070,50,1
40120,50,1
40170,50,1
40220.00000000001,50.000000000007276,0.9999999999998546
40271,50.999999999992724,0.9803921568628848
40321,50,1
40371,50,1
40421,50,1
40471,50,1
40521,50,1
40571,50,1
40621,50,1
40671,50,1
40721,50,1
40771,50,1
40821,50,1
40871,50,1
40921,50,1
40971,50,1
41021,50,1
41071,50,1
41121,50,1
41171,50,1
41221,50,1
41271,50,1
41321,50,1
41371,50,1
41421,50,1
41471,50,1
41521,50,1
41571,50,1
41621,50,1
41671,50,1
41721,50,1
41771,50,1
41821,50,1
41871,50,1
41921,50,1
41971,50,1
42021,50,1
42071,50,1
42121,50,1
42171,50,1
42221,50,1
42271,50,1
42321,50,1
42371,50,1
42421,50,1
42471,50,1
42521,50,1
42571,50,1
42621,50,1
42671,50,1
42721,50,1
42771,50,1
42821,50,1
42871,50,1
42921,50,1
42971,50,1
43021,50,1
43071,50,1
43121,50,1
43171,50,1
43221,50,1
43271,50,1
43321,50,1
43371,50,1
43421,50,1
43471,50,1
43521,50,1
43571,50,1
43621,50,1
43671,50,1
43721,50,1
43771,50,1
43821,50,1
43871,50,1
43921,50,1
43971,50,1
44021,50,1
44071,50,1
44121,50,1
44171,50,1
44221,50,1
44271,50,1
44321,50,1
44371,50,1
44421,50,1
44471,50,1
44521,50,1
44571,50,1
44621,50,1
44671,50,1
44721,50,1
44771,50,1
44821,50,1
44871,50,1
44921,50,1
44971,50,1
45021,50,1
45071,50,1
45121,50,1
45171,50,1
45221,50,1
45271,50,1
45321,50,1
45371,50,1
45421,50,1
45471,50,1
45521,50,1
45571,50,1
45621,50,1
45671,50,1
45721,50,1
45771,50,1
45821,50,1
45871,50,1
45921,50,1
45971,50,1
46021,50,1
46071,50,1
46121,50,1
46171,50,1
46221,50,1
46271,50,1
46321,50,1
46371,50,1
46421,50,1
46471,50,1
46521,50,1
46571,50,1
46621,50,1
46671,50,1
46721,50,1
46771,50,1
46821,50,1
46871,50,1
46921,50,1
46971,50,1
47021,50,1
47071,50,1
47121,50,1
47171,50,1
47221,50,1
47271,50,1
47321,50,1
47371,50,1
47421,50,1
47471,50,1
47521,50,1
47571,50,1
47621,50,1
47671,50,1
47721,50,1
47771,50,1
47821,50,1
47871,50,1
47921,50,1
47971,50,1
48021,50,1
48071,50,1
48121,50,1
48171,50,1
48221,50,1
48271,50,1
48321,50,1
48371,50,1
48421,50,1
48471,50,1
48521,50,1
48571,50,1
48621,50,1
48671,50,1
48721,50,1
48771,50,1
48821,50,1
48871,50,1
48921,50,1
48971,50,1
49021,50,1
49071,50,1
49121,50,1
49171,50,1
49221,50,1
49271,50,1
49321,50,1
49371,50,1
49421,50,1
49471,50,1
49521,50,1
49571,50,1
49621,50,1
49671,50,1
49721,50,1
49771,50,1
49821,50,1
49871,50,1
49921,50,1
49971,50,1
50021,50,1
50071,50,1
50121,50,1
50171,50,1
50221,50,1
50271,50,1
50321,50,1
50371,50,1
50421,50,1
50471,50,1
50521,50,1
50571,50,1
50621,50,1
50671,50,1
50721,50,1
50771,50,1
50821,50,1
50871,50,1
50921,50,1
50971,50,1
51021,50,1
51071,50,1
51121,50,1
51171,50,1
51221,50,1
51271,50,1
51321,50,1
51371,50,1
51421,50,1
51471,50,1
51521,50,1
51571,50,1
51621,50,1
51671,50,1
51721,50,1
51771,50,1
51821,50,1
51871,50,1
51921,50,1
51971,50,1
52021,50,1
52071,50,1
52121,50,1
52171,50,1
52221,50,1
52271,50,1
52321,50,1
52371,50,1
52421,50,1
52471,50,1
52521,50,1
52571,50,1
52621,50,1
52671,50,1
52721,50,1
52771,50,1
52821,50,1
52871,50,1
52921,50,1
52971,50,1
53021,50,1
53071,50,1
53121,50,1
53171,50,1
53221,50,1
53271,50,1
53321,50,1
53371,50,1
53421,50,1
53471,50,1
53521,50,1
53571,50,1
53621,50,1
53671,50,1
53721,50,1
53771,50,1
53821,50,1
53871,50,1
53921,50,1
53971,50,1
54021,50,1
54071,50,1
54121,50,1
54171,50,1
54221,50,1
54271,50,1
54321,50,1
54371,50,1
54421,50,1
54471,50,1
54521,50,1
54571,50,1
54621,50,1
54671,50,1
54721,50,1
54771,50,1
54821,50,1
54871,50,1
54921,50,1
54971,50,1
55021,50,1
55071,50,1
55121,50,1
55171,50,1
55221,50,1
55271,50,1
55321,50,1
55371,50,1
55421,50,1
55471,50,1
55521,50,1
55571,50,1
55621,50,1
55671,50,1
55721,50,1
55771,50,1
55821,50,1
55871,50,1
55921,50,1
55971,50,1
56021,50,1
56071,50,1
56121,50,1
56171,50,1
56221,50,1
56271,50,1
56321,50,1
56371,50,1
56421,50,1
56471,50,1
56521,50,1
56571,50,1
56621,50,1
56671,50,1
56721,50,1
56771,50,1
56821,50,1
56871,50,1
56921,50,1
56971,50,1
57021,50,1
57071,50,1
57121,50,1
57171,50,1
57221,50,1
57271,50,1
57321,50,1
57371,50,1
57421,50,1
57471,50,1
57521,50,1
57571,50,1
57621,50,1
57671,50,1
57721,50,1
57771,50,1
57821,50,1
57871,50,1
57921,50,1
57971,50,1
58021,50,1
58071,50,1
58121,50,1
58171,50,1
58221,50,1
58271,50,1
58321,50,1
58371,50,1
58421,50,1
58471,50,1
58521,50,1
58571,50,1
58621,50,1
58671,50,1
58721,50,1
58771,50,1
58821,50,1
58871,50,1
58921,50,1
58971,50,1
59021,50,1
59071,50,1
59121,50,1
59171,50,1
59221,50,1
59271,50,1
59321,50,1
59371,50,1
59421,50,1
59471,50,1
59521,50,1
59571,50,1
59621,50,1
59671,50,1
59721,50,1
59771,50,1
59821,50,1
59871,50,1
59921,50,1
59971,50,1
60021,50,1
60071,50,1
60121,50,1
60171,50,1
60221,50,1
60271,50,1
60321,50,1
60371,50,1
60421,50,1
60471,50,1
60521,50,1
60571,50,1
60621,50,1
60671,50,1
60721,50,1
60771,50,1
60821,50,1
60871,50,1
60921,50,1
60971,50,1
61021,50,1
61071,50,1
61121,50,1
61171,50,1
61221,50,1
61271,50,1
61321,50,1
61371,50,1
61421,50,1
61471,50,1
61521,50,1
61571,50,1
61621,50,1
61671,50,1
61721,50,1
61771,50,1
61821,50,1
61871,50,1
61921,50,1
61972,51,0.9803921568627451
62022,50,1
62072.00000000001,50.000000000007276,0.9999999999998546
62122.00000000001,50,1
62173.00000000001,51,0.9803921568627451
62223.00000000001,50,1
62274.00000000001,51,0.9803921568627451
62325.00000000001,51,0.9803921568627451
62375.00000000001,50,1
62426.00000000001,51,0.9803921568627451
62476.00000000001,50,1
62527.00000000001,51,0.9803921568627451
62577.00000000001,50,1
62628.00000000001,51,0.9803921568627451
62679.00000000001,51,0.9803921568627451
62729.00000000001,50,1
62780.00000000001,51,0.9803921568627451
62830.00000000001,50,1
62881.00000000001,51,0.9803921568627451
62932.00000000001,51,0.9803921568627451
62982.00000000001,50,1
63033.00000000001,51,0.9803921568627451
63083.00000000001,50,1
63134.00000000001,51,0.9803921568627451
63185.00000000001,51,0.9803921568627451
63235.00000000001,50,1
63286.00000000001,51,0.9803921568627451
63336.00000000001,50,1
63387.00000000001,51,0.9803921568627451
63437,49.999999999992724,1.0000000000001457
63487,50,1
63537,50,1
63587,50,1
63637,50,1
63687,50,1
63737,50,1
63787,50,1
63837,50,1
63887,50,1
63937,50,1
63987,50,1
64037,50,1
64087,50,1
64137,50,1
64187,50,1
64237,50,1
64287,50,1
64337,50,1
64387,50,1
64437,50,1
64487,50,1
64537,50,1
64587,50,1
64637,50,1
64687,50,1
64737,50,1
64787,50,1
64837,50,1
64887,50,1
64937,50,1
64987,50,1
65037,50,1
65087,50,1
65137,50,1
65187,50,1
65237,50,1
65287,50,1
65337,50,1
65387,50,1
65437,50,1
65487,50,1
65537,50,1
65587,50,1
65637,50,1
65687,50,1
65737,50,1
65787,50,1
65837,50,1
65887,50,1
65937,50,1
65987,50,1
66037,50,1
66087,50,1
66137,50,1
66187,50,1
66237,50,1
66287,50,1
66337,50,1
66387,50,1
66437,50,1
66487,50,1
66537,50,1
66587,50,1
66637,50,1
66687,50,1
66737,50,1
66787,50,1
66837,50,1
66887,50,1
66937,50,1
66987,50,1
67037,50,1
67087,50,1
67137,50,1
67187,50,1
67237,50,1
67287,50,1
67337,50,1
67387,50,1
67437,50,1
67487,50,1
67537,50,1
67587,50,1
67637,50,1
67687,50,1
67737,50,1
67787,50,1
67837,50,1
67887,50,1
67937,50,1
67987,50,1
68037,50,1
68087,50,1
68137,50,1
68187,50,1
68237,50,1
68287,50,1
68337,50,1
68387,50,1
68437,50,1
68487,50,1
68537,50,1
68587,50,1
68637,50,1
68687,50,1
68737,50,1
68787,50,1
68837,50,1
68887,50,1
68937,50,1
68987,50,1
69037,50,1
69087,50,1
69137,50,1
69187,50,1
69237,50,1
69287,50,1
69337,50,1
69387,50,1
69437,50,1
69487,50,1
69537,50,1
69587,50,1
69637,50,1
69687,50,1
69737,50,1
69787,50,1
69837,50,1
69887,50,1
69937,50,1
69987,50,1
70037,50,1
70087,50,1
70137,50,1
70187,50,1
70237,50,1
70287,50,1
70337,50,1
70387,50,1
70437,50,1
70487,50,1
70537,50,1
70587,50,1
70637,50,1
70687,50,1
70737,50,1
70787,50,1
70837,50,1
70887,50,1
70937,50,1
70987,50,1
71037,50,1
71087,50,1
71137,50,1
71187,50,1
71237,50,1
71287,50,1
71337,50,1
71387,50,1
71437,50,1
71487,50,1
71537,50,1
71587,50,1
71637,50,1
71687,50,1
71737,50,1
71787,50,1
71837,50,1
71887,50,1
71937,50,1
71987,50,1
72037,50,1
72087,50,1
72137,50,1
72187,50,1
72237,50,1
72287,50,1
72337,50,1
72387,50,1
72437,50,1
72487,50,1
72537,50,1
72587,50,1
72637,50,1
72687,50,1
72737,50,1
72787,50,1
72837,50,1
72887,50,1
72937,50,1
72987,50,1
73037,50,1
73087,50,1
73137,50,1
73187,50,1
73237,50,1
73287,50,1
73337,50,1
73387,50,1
73437,50,1
73487,50,1
73537,50,1
73587,50,1
73637,50,1
73687,50,1
73737,50,1
73787,50,1
73837,50,1
73887,50,1
73937,50,1
73987,50,1
74037,50,1
74087,50,1
74137,50,1
74187,50,1
74237,50,1
74287,50,1
74337,50,1
74387,50,1
74437,50,1
74487,50,1
74537,50,1
74587,50,1
74637,50,1
74687,50,1
74737,50,1
74787,50,1
74837,50,1
74887,50,1
74937,50,1
74987,50,1
75037,50,1
75087,50,1
75137,50,1
75187,50,1
75237,50,1
75287,50,1
75337,50,1
75387,50,1
75437,50,1
75487,50,1
75537,50,1
75587,50,1
75637,50,1
75687,50,1
75737,50,1
75787,50,1
75837,50,1
75887,50,1
75937,50,1
75987,50,1
76037,50,1
76087,50,1
76137,50,1
76187,50,1
76237,50,1
76287,50,1
76337,50,1
76387,50,1
76437,50,1
76487,50,1
76537,50,1
76587,50,1
76637,50,1
76687,50,1
76737,50,1
76787,50,1
76837,50,1
76887,50,1
76937,50,1
76987,50,1
77037,50,1
77087,50,1
77137,50,1
77187,50,1
77237,50,1
77287,50,1
77337,50,1
77387,50,1
77437,50,1
77487,50,1
77537,50,1
77587,50,1
77637,50,1
77687,50,1
77737,50,1
77787,50,1
77837,50,1
77887,50,1
77937,50,1
77987,50,1
78037,50,1
78087,50,1
78137,50,1
78187,50,1
78237,50,1
78287,50,1
78337,50,1
78387,50,1
78437,50,1
78487,50,1
78537,50,1
78587,50,1
78637,50,1
78687,50,1
78737,50,1
78787,50,1
78837,50,1
78887,50,1
78937,50,1
78987,50,1
79037,50,1
79087,50,1
79137,50,1
79187,50,1
79237,50,1
79287,50,1
79337,50,1
79387,50,1
79437,50,1
79487,50,1
79537,50,1
79587,50,1
79637,50,1
79687,50,1
79737,50,1
79787,50,1
79837,50,1
79887,50,1
79937,50,1
79987,50,1
80037,50,1
80087,50,1
80137,50,1
80187,50,1
80237,50,1
80287,50,1
80337,50,1
80387,50,1
80437,50,1
80487,50,1
80537,50,1
80587,50,1
80637,50,1
80687,50,1
80737,50,1
80787,50,1
80837,50,1
80887,50,1
80937,50,1
80987,50,1
81037,50,1
81087,50,1
81137,50,1
81187,50,1
81237,50,1
81287,50,1
81337,50,1
81387,50,1
81437,50,1
81487,50,1
81537,50,1
81587,50,1
81637,50,1
81687,50,1
81737,50,1
81787,50,1
81837,50,1
81887,50,1
81937,50,1
81987,50,1
82037,50,1
82087,50,1
82137,50,1
82187,50,1
82237,50,1
82287,50,1
82337,50,1
82387,50,1
82437,50,1
82487,50,1
82537,50,1
82587.00000000001,50.00000000001455,0.9999999999997089
82638,50.99999999998545,0.9803921568630248
82688.00000000001,50.00000000001455,0.9999999999997089
82739,50.99999999998545,0.9803921568630248
82789,50,1
82839,50,1
82889,50,1
82939,50,1
82989,50,1
83039,50,1
83089,50,1
83139,50,1
83189,50,1
83239,50,1
83289,50,1
83339,50,1
83389,50,1
83439,50,1
83489,50,1
83539,50,1
83589,50,1
83639,50,1
83689,50,1
83739,50,1
83789,50,1
83839,50,1
83889,50,1
83939,50,1
83989,50,1
84039,50,1
84089,50,1
84139,50,1
84189,50,1
84239,50,1
84289,50,1
84339,50,1
84389,50,1
84439,50,1
84489,50,1
84539,50,1
84589,50,1
84639,50,1
84689,50,1
84739,50,1
84789,50,1
84839,50,1
84889,50,1
84939,50,1
84989,50,1
85039,50,1
85089,50,1
85139,50,1
85189,50,1
85239,50,1
85289,50,1
85339,50,1
85389,50,1
85439,50,1
85489,50,1
85539,50,1
85589,50,1
85639,50,1
85689,50,1
85739,50,1
85789,50,1
85839,50,1
85889,50,1
85939,50,1
85989,50,1
86039,50,1
86089,50,1
86139,50,1
86189,50,1
86239,50,1
86289,50,1
86339,50,1
86389,50,1
86439,50,1
86489,50,1
86539,50,1
86589,50,1
86639,50,1
86689,50,1
86739,50,1
86789,50,1
86839,50,1
86889,50,1
86939,50,1
86989,50,1
87039,50,1
87089,50,1
87139,50,1
87189,50,1
87239,50,1
87289,50,1
87339,50,1
87389,50,1
87439,50,1
87489,50,1
87539,50,1
87589,50,1
87639,50,1
87689,50,1
87739,50,1
87789,50,1
87839,50,1
87889,50,1
87939,50,1
87989,50,1
88039,50,1
88089,50,1
88139,50,1
88189,50,1
88239,50,1
88289,50,1
88339,50,1
88389,50,1
88439,50,1
88489,50,1
88539,50,1
88589,50,1
88639,50,1
88689,50,1
88739,50,1
88789,50,1
88839,50,1
88889,50,1
88939,50,1
88989,50,1
89039,50,1
89089,50,1
89139,50,1
89189,50,1
89239,50,1
89289,50,1
89339,50,1
89389,50,1
89439,50,1
89489,50,1
89539,50,1
89589,50,1
89639,50,1
89689,50,1
89739,50,1
89789,50,1
89839,50,1
89889,50,1
89939,50,1
89989,50,1
90039,50,1
90089,50,1
90139,50,1
90189,50,1
90239,50,1
90289,50,1
90339,50,1
90389,50,1
90439,50,1
90489,50,1
90539,50,1
90589,50,1
90639,50,1
90689,50,1
90739,50,1
90789,50,1
90839,50,1
90889,50,1
90939,50,1
90989,50,1
91039,50,1
91089,50,1
91139,50,1
91189,50,1
91239,50,1
91289,50,1
91339,50,1
91389,50,1
91439,50,1
91489,50,1
91539,50,1
91589,50,1
91639,50,1
91689,50,1
91739,50,1
91789,50,1
91839,50,1
91889,50,1
91939,50,1
91989,50,1
92039,50,1
92089,50,1
92139,50,1
92189,50,1
92239,50,1
92289,50,1
92339,50,1
92389,50,1
92439,50,1
92489,50,1
92539,50,1
92589,50,1
92639,50,1
92689,50,1
92739,50,1
92789,50,1
92839,50,1
92889,50,1
92939,50,1
92989,50,1
93039,50,1
93089,50,1
93139,50,1
93189,50,1
93239,50,1
93289,50,1
93339,50,1
93389,50,1
93439,50,1
93489,50,1
93539,50,1
93589,50,1
93639,50,1
93689,50,1
93739,50,1
93789,50,1
93839,50,1
93889,50,1
93939,50,1
93989,50,1
94039,50,1
94089,50,1
94139,50,1
94189,50,1
94239,50,1
94289,50,1
94339,50,1
94389,50,1
94439,50,1
94489,50,1
94539,50,1
94589,50,1
94639,50,1
94689,50,1
94739,50,1
94789,50,1
94839,50,1
94889,50,1
94939,50,1
94989,50,1
95039,50,1
95089,50,1
95139,50,1
95189,50,1
95239,50,1
95289,50,1
95339,50,1
95389,50,1
95439,50,1
95489,50,1
95539,50,1
95589,50,1
95639,50,1
95689,50,1
95739,50,1
95789,50,1
95839,50,1
95889,50,1
95939,50,1
95989,50,1
96039,50,1
96089,50,1
96139,50,1
96189,50,1
96239,50,1
96289,50,1
96339,50,1
96389,50,1
96439,50,1
96489,50,1
96539,50,1
96589,50,1
96639,50,1
96689,50,1
96739,50,1
96789,50,1
96839,50,1
96889,50,1
96939,50,1
96989,50,1
97039,50,1
97089,50,1
97139,50,1
97189,50,1
97239,50,1
97289,50,1
97339,50,1
97389,50,1
97439,50,1
97489,50,1
97539,50,1
97589,50,1
97639,50,1
97689,50,1
97739,50,1
97789,50,1
97839,50,1
97889,50,1
97939,50,1
97989,50,1
98039,50,1
98089,50,1
98139,50,1
98189,50,1
98239,50,1
98289,50,1
98339,50,1
98389,50,1
98439,50,1
98489,50,1
98539,50,1
98589,50,1
98639,50,1
98689,50,1
98739,50,1
98789,50,1
98839,50,1
98889,50,1
98939,50,1
98989,50,1
99039,50,1
99089,50,1
99139,50,1
99189,50,1
99239,50,1
99289,50,1
99339,50,1
99389,50,1
99439,50,1
99489,50,1
99539,50,1
99589,50,1
99639,50,1
99689,50,1
99739,50,1
99789,50,1
99839,50,1
99889,50,1
99939,50,1
99989,50,1
100039,50,1
100089,50,1
100139,50,1
100189,50,1
100239,50,1
100289,50,1
100339,50,1
100389,50,1
100439,50,1
100489,50,1
100539,50,1
100589,50,1
100639,50,1
100689,50,1
100739,50,1
100789,50,1
100839,50,1
100889,50,1
100939,50,1
100989,50,1
101039,50,1
101089,50,1
101139,50,1
101189,50,1
101239,50,1
101289,50,1
101339,50,1
101389,50,1
101439,50,1
101489,50,1
101539,50,1
101589,50,1
101639,50,1
101689,50,1
101739,50,1
101789,50,1
101839,50,1
101889,50,1
101939,50,1
101989,50,1
102039,50,1
102089,50,1
102139,50,1
102189,50,1
102239,50,1
102289,50,1
102339,50,1
102389,50,1
102439,50,1
102489,50,1
102539,50,1
102589,50,1
102639,50,1
102689,50,1
102739,50,1
102789,50,1
102839,50,1
102889,50,1
102939,50,1
102989,50,1
103039,50,1
103089,50,1
103139,50,1
103189,50,1
103239,50,1
103289,50,1
103339,50,1
103389,50,1
103439,50,1
103489,50,1
103539,50,1
103589,50,1
103639,50,1
103689,50,1
103739,50,1
103789,50,1
103839,50,1
103889,50,1
103939,50,1
103989,50,1
104039,50,1
104089,50,1
104139,50,1
104189,50,1
104239,50,1
104289,50,1
104339,50,1
104389,50,1
104439,50,1
104489,50,1
104539,50,1
104589,50,1
104639,50,1
104689,50,1
104739,50,1
104789,50,1
104839,50,1
104889,50,1
104939,50,1
104989,50,1
105039,50,1
105089,50,1
105139,50,1
105189,50,1
105239,50,1
105289,50,1
105339,50,1
105389,50,1
105439,50,1
105489,50,1
105539,50,1
105589,50,1
105639,50,1
105689,50,1
105739,50,1
105789,50,1
105839,50,1
105889,50,1
105939,50,1
105989,50,1
106039,50,1
106089,50,1
106139,50,1
106189,50,1
106239,50,1
106289,50,1
106339,50,1
106389,50,1
106439,50,1
106489,50,1
106539,50,1
106589,50,1
106639,50,1
106689,50,1
106739,50,1
106789,50,1
106839,50,1
106889,50,1
106939,50,1
106989,50,1
107039,50,1
107089,50,1
107139,50,1
107189,50,1
107239,50,1
107289,50,1
107339,50,1
107389,50,1
107439,50,1
107489,50,1
107539,50,1
107589,50,1
107639,50,1
107689,50,1
107739,50,1
107789,50,1
107839,50,1
107889,50,1
107939,50,1
107989,50,1
108039,50,1
108089,50,1
108139,50,1
108189,50,1
108239,50,1
108289,50,1
108339,50,1
108389,50,1
108439,50,1
108489,50,1
108539,50,1
108589,50,1
108639,50,1
108689,50,1
108739,50,1
108789,50,1
108839,50,1
108889,50,1
108939,50,1
108989,50,1
109039,50,1
109089,50,1
109139,50,1
109189,50,1
109239,50,1
109289,50,1
109339,50,1
109389,50,1
109439,50,1
109489,50,1
109539,50,1
109589,50,1
109639,50,1
109689,50,1
109739,50,1
109789,50,1
109839,50,1
109889,50,1
109939,50,1
109989,50,1
110039,50,1
110089,50,1
110139,50,1
110189,50,1
110239,50,1
110289,50,1
110339,50,1
110389,50,1
110439,50,1
110489,50,1
110539,50,1
110589,50,1
110639,50,1
110689,50,1
110739,50,1
110789,50,1
110839,50,1
110889,50,1
110939,50,1
110989,50,1
111039,50,1
111089,50,1
111139,50,1
111189,50,1
111239,50,1
111289,50,1
111339,50,1
111389,50,1
111439,50,1
111489,50,1
111539,50,1
111589,50,1
111639,50,1
111689,50,1
111739,50,1
111789,50,1
111839,50,1
111889,50,1
111939,50,1
111989,50,1
112039,50,1
112089,50,1
112139,50,1
112189,50,1
112239,50,1
112289,50,1
112339,50,1
112389,50,1
112439,50,1
112489,50,1
112539,50,1
112589,50,1
112639,50,1
112689,50,1
112739,50,1
112789,50,1
112839,50,1
112889,50,1
112939,50,1
112989,50,1
113039,50,1
113089,50,1
113139,50,1
113189,50,1
113239,50,1
113289,50,1
113339,50,1
113389,50,1
113439,50,1
113489,50,1
113539,50,1
113589,50,1
113639,50,1
113689,50,1
113739,50,1
113789,50,1
113839,50,1
113889,50,1
113939,50,1
113989,50,1
114039,50,1
114089,50,1
114139,50,1
114189,50,1
114239,50,1
114289,50,1
114339,50,1
114389,50,1
114439,50,1
114489,50,1
114539,50,1
114589,50,1
114639,50,1
114689,50,1
114739,50,1
114789,50,1
114839,50,1
114889,50,1
114939,50,1
114989,50,1
115039,50,1
115089,50,1
115139,50,1
115189,50,1
115239,50,1
115289,50,1
115339,50,1
115389,50,1
115439,50,1
115489,50,1
115539,50,1
115589,50,1
115639,50,1
115689,50,1
115739,50,1
115789,50,1
115839,50,1
115889,50,1
115939,50,1
115989,50,1
116039,50,1
116089,50,1
116139,50,1
116189,50,1
116239,50,1
116289,50,1
116339,50,1
116389,50,1
116439,50,1
116489,50,1
116539,50,1
116589,50,1
116639,50,1
116689,50,1
116739,50,1
116789,50,1
116839,50,1
116889,50,1
116939,50,1
116989,50,1
117039,50,1
117089,50,1
117139,50,1
117189,50,1
117239,50,1
117289,50,1
117339,50,1
117389,50,1
117439,50,1
117489,50,1
117539,50,1
117589,50,1
117639,50,1
117689,50,1
117739,50,1
117789,50,1
117839,50,1
117889,50,1
117939,50,1
117989,50,1
118039,50,1
118089,50,1
118139,50,1
118189,50,1
118239,50,1
118289,50,1
118339,50,1
118389,50,1
118439,50,1
118489,50,1
118539,50,1
118589,50,1
118639,50,1
118689,50,1
118739,50,1
118789,50,1
118839,50,1
118889,50,1
118939,50,1
118989,50,1
119039,50,1
119089,50,1
119139,50,1
119189,50,1
119239,50,1
119289,50,1
119339,50,1
119389,50,1
119439,50,1
119489,50,1
119539,50,1
119589,50,1
119639,50,1
119689,50,1
119739,50,1
119789,50,1
119839,50,1
119889,50,1
119939,50,1
119989,50,1
120039,50,1
120089,50,1
120139,50,1
120189,50,1
120239,50,1
120289,50,1
120339,50,1
120389,50,1
120439,50,1
120489,50,1
120539,50,1
120589,50,1
120639,50,1
120689,50,1
120739,50,1
120789,50,1
120839,50,1
120889,50,1
120939,50,1
120989,50,1
121039,50,1
121089,50,1
121139,50,1
121189,50,1
121239,50,1
121289,50,1
121339,50,1
121389,50,1
121439,50,1
121489,50,1
121539,50,1
121589,50,1
121639,50,1
121689,50,1
121739,50,1
121789,50,1
121839,50,1
121889,50,1
121939,50,1
121989,50,1
122039,50,1
122089,50,1
122139,50,1
122189,50,1
122239,50,1
122289,50,1
122339,50,1
122389,50,1
122439,50,1
122489,50,1
122539,50,1
122589,50,1
122639,50,1
122689,50,1
122739,50,1
122789,50,1
122839,50,1
122889,50,1
122939,50,1
122989,50,1
123039,50,1
123089,50,1
123139,50,1
123189,50,1
123239,50,1
123289,50,1
123339,50,1
123389,50,1
123439,50,1
123489,50,1
123539,50,1
123589,50,1
123639,50,1
123689,50,1
123739,50,1
123789,50,1
123839,50,1
123889,50,1
123939,50,1
123989,50,1
124039,50,1
124089,50,1
124139,50,1
124189,50,1
124239,50,1
124289,50,1
124339,50,1
124389,50,1
124439,50,1
124489,50,1
124539,50,1
124589,50,1
124639,50,1
124689,50,1
124739,50,1
124789,50,1
124839,50,1
124889,50,1
124939,50,1
124989,50,1
125039,50,1
125089,50,1
125139,50,1
125189,50,1
125239,50,1
125289,50,1
125339,50,1
125389,50,1
125439,50,1
125489,50,1
125539,50,1
125589,50,1
125639,50,1
125689,50,1
125739,50,1
125789,50,1
125839,50,1
125889,50,1
125939.00000000001,50.00000000001455,0.9999999999997089
125990,50.99999999998545,0.9803921568630248
126040.00000000001,50.00000000001455,0.9999999999997089
126091,50.99999999998545,0.9803921568630248
126141.00000000001,50.00000000001455,0.9999999999997089
126192,50.99999999998545,0.9803921568630248
126242.00000000001,50.00000000001455,0.9999999999997089
126293,50.99999999998545,0.9803921568630248
126343.00000000001,50.00000000001455,0.9999999999997089
126394,50.99999999998545,0.9803921568630248
126444.00000000001,50.00000000001455,0.9999999999997089
126495,50.99999999998545,0.9803921568630248
126545,50,1
126596,51,0.9803921568627451
126646,50,1
126697,51,0.9803921568627451
126747,50,1
126797.00000000001,50.00000000001455,0.9999999999997089
126848,50.99999999998545,0.9803921568630248
126898.00000000001,50.00000000001455,0.9999999999997089
126949,50.99999999998545,0.9803921568630248
126999.00000000001,50.00000000001455,0.9999999999997089
127050,50.99999999998545,0.9803921568630248
127100.00000000001,50.00000000001455,0.9999999999997089
127151,50.99999999998545,0.9803921568630248
127201.00000000001,50.00000000001455,0.9999999999997089
127252,50.99999999998545,0.9803921568630248
127302.00000000001,50.00000000001455,0.9999999999997089
127353,50.99999999998545,0.9803921568630248
127403.00000000001,50.00000000001455,0.9999999999997089
127454,50.99999999998545,0.9803921568630248
127504.00000000001,50.00000000001455,0.9999999999997089
127555,50.99999999998545,0.9803921568630248
127605.00000000001,50.00000000001455,0.9999999999997089
127656,50.99999999998545,0.9803921568630248
127706.00000000001,50.00000000001455,0.9999999999997089
127757,50.99999999998545,0.9803921568630248
127807.00000000001,50.00000000001455,0.9999999999997089
127858,50.99999999998545,0.9803921568630248
127908,50,1
127959,51,0.9803921568627451
128009,50,1
128060,51,0.9803921568627451
128110,50,1
128160.00000000001,50.00000000001455,0.9999999999997089
128211,50.99999999998545,0.9803921568630248
128261.00000000001,50.00000000001455,0.9999999999997089
128312,50.99999999998545,0.9803921568630248
128362.00000000001,50.00000000001455,0.9999999999997089
128413,50.99999999998545,0.9803921568630248
128463.00000000001,50.00000000001455,0.9999999999997089
128514,50.99999999998545,0.9803921568630248
128564.00000000001,50.00000000001455,0.9999999999997089
128615,50.99999999998545,0.9803921568630248
128665.00000000001,50.00000000001455,0.9999999999997089
128716,50.99999999998545,0.9803921568630248
128766.00000000001,50.00000000001455,0.9999999999997089
128817,50.99999999998545,0.9803921568630248
128867.00000000001,50.00000000001455,0.9999999999997089
128918,50.99999999998545,0.9803921568630248
128968,50,1
129018,50,1
129068,50,1
129118.00000000003,50.000000000029104,0.999999999999418
129169,50.999999999970896,0.9803921568633047
129219,50,1
129269,50,1
129319,50,1
129369,50,1
129419,50,1
129469,50,1
129519,50,1
129569,50,1
129619,50,1
129669,50,1
129719,50,1
129769,50,1
129819,50,1
129869,50,1
129919,50,1
129969,50,1
130019,50,1
130069,50,1
130119,50,1
130169,50,1
130219,50,1
130269,50,1
130319,50,1
130369,50,1
130419,50,1
130469,50,1
130519,50,1
130569,50,1
130619,50,1
130669,50,1
130719,50,1
130769,50,1
130819,50,1
130869,50,1
130919,50,1
130969,50,1
131019,50,1
131069,50,1
131119,50,1
131169,50,1
131219,50,1
131269,50,1
131319,50,1
131369,50,1
131419,50,1
131469,50,1
131519,50,1
131569,50,1
131619,50,1
131669,50,1
131719,50,1
131769,50,1
131819,50,1
131869,50,1
131919,50,1
131969,50,1
132019,50,1
132069,50,1
132119,50,1
132169,50,1
132219,50,1
132269,50,1
132319,50,1
132369,50,1
132419,50,1
132469,50,1
132519,50,1
132569,50,1
132619,50,1
132669,50,1
132719,50,1
132769,50,1
132819,50,1
132869,50,1
132919,50,1
132969,50,1
133019,50,1
133069,50,1
133119,50,1
133169,50,1
133219,50,1
133269,50,1
133319,50,1
133369,50,1
133419,50,1
133469,50,1
133519,50,1
133569,50,1
133619,50,1
133669,50,1
133719,50,1
133769,50,1
133819,50,1
133869,50,1
133919,50,1
133969,50,1
134019,50,1
134069,50,1
134119,50,1
134169,50,1
134219,50,1
134269,50,1
134319,50,1
134369,50,1
134419,50,1
134469,50,1
134519,50,1
134569,50,1
134619,50,1
134669,50,1
134719,50,1
134769,50,1
134819,50,1
134869,50,1
134919,50,1
134969,50,1
135019,50,1
135069,50,1
135119,50,1
135169,50,1
135219,50,1
135269,50,1
135319,50,1
135369,50,1
135419,50,1
135469,50,1
135519,50,1
135569,50,1
135619,50,1
135669,50,1
135719,50,1
135769,50,1
135819,50,1
135869,50,1
135919,50,1
135969,50,1
136019,50,1
136069,50,1
136119,50,1
136169,50,1
136219,50,1
136269,50,1
136319,50,1
136369,50,1
136419,50,1
136469,50,1
136519,50,1
136569,50,1
136619,50,1
136669,50,1
136719,50,1
136769,50,1
136819,50,1
136869,50,1
136919,50,1
136969,50,1
137019,50,1
137069,50,1
137119,50,1
137169,50,1
137219,50,1
137269,50,1
137319,50,1
137369,50,1
137419,50,1
137469,50,1
137519,50,1
137569,50,1
137619,50,1
137669,50,1
137719,50,1
137769,50,1
137819,50,1
137869,50,1
137919,50,1
137969,50,1
138019,50,1
138069,50,1
138119,50,1
138169,50,1
138219,50,1
138269,50,1
138319,50,1
138369,50,1
138419,50,1
138469,50,1
138519,50,1
138569,50,1
138619,50,1
138669,50,1
138719,50,1
138769,50,1
138819,50,1
138869,50,1
138919,50,1
138969,50,1
139019,50,1
139069,50,1
139119,50,1
139169,50,1
139219,50,1
139269,50,1
139319,50,1
139369,50,1
139419,50,1
139469,50,1
139519,50,1
139569,50,1
139619,50,1
139669,50,1
139719,50,1
139769,50,1
139819,50,1
139869,50,1
139919,50,1
139969,50,1
140019,50,1
140069,50,1
140119,50,1
140169,50,1
140219,50,1
140269,50,1
140319,50,1
140369,50,1
140419,50,1
140469,50,1
140519,50,1
140569,50,1
140619,50,1
140669,50,1
140719,50,1
140769,50,1
140819,50,1
140869,50,1
140919,50,1
140969,50,1
141019,50,1
141069,50,1
141119,50,1
141169,50,1
141219,50,1
141269,50,1
141319,50,1
141369,50,1
141419,50,1
141469,50,1
141519,50,1
141569,50,1
141619,50,1
141669,50,1
141719,50,1
141769,50,1
141819,50,1
141869,50,1
141919,50,1
141969,50,1
142019,50,1
142069,50,1
142119,50,1
142169,50,1
142219,50,1
142269,50,1
142319,50,1
142369,50,1
142419,50,1
142469,50,1
142519,50,1
142569,50,1
142619,50,1
142669,50,1
142719,50,1
142769,50,1
142819,50,1
142869,50,1
142919,50,1
142969,50,1
143019,50,1
143069,50,1
143119,50,1
143169,50,1
143219,50,1
143269,50,1
143319,50,1
143369,50,1
143419,50,1
143469,50,1
143519,50,1
143569,50,1
143619,50,1
143669,50,1
143719,50,1
143769,50,1
143819,50,1
143869,50,1
143919,50,1
143969,50,1
144019,50,1
144069,50,1
144119,50,1
144169,50,1
144219,50,1
144269,50,1
144319,50,1
144369,50,1
144419,50,1
144469,50,1
144519,50,1
144569,50,1
144619,50,1
144669,50,1
144719,50,1
144769,50,1
144819,50,1
144869,50,1
144919,50,1
144969,50,1
145019,50,1
145069,50,1
145119,50,1
145169,50,1
145219,50,1
145269,50,1
145319,50,1
145369,50,1
145419,50,1
145469,50,1
145519,50,1
145569,50,1
145619,50,1
145669,50,1
145719,50,1
145769,50,1
145819,50,1
145869,50,1
145919,50,1
145969,50,1
146019,50,1
146069,50,1
146119,50,1
146169,50,1
146219,50,1
146269,50,1
146319,50,1
146369,50,1
146419,50,1
146469,50,1
146519,50,1
146569,50,1
146619,50,1
146669,50,1
146719,50,1
146769,50,1
146819,50,1
146869,50,1
146919,50,1
146969,50,1
147019,50,1
147069,50,1
147119,50,1
147169,50,1
147219,50,1
147269,50,1
147319,50,1
147369,50,1
147419,50,1
147469,50,1
147519,50,1
147569,50,1
147619,50,1
147669,50,1
147719,50,1
147769,50,1
147819,50,1
147869,50,1
147919,50,1
147969,50,1
148019,50,1
148069,50,1
148119,50,1
148169,50,1
148219,50,1
148269,50,1
148319,50,1
148369,50,1
148419,50,1
148469,50,1
148519,50,1
148569,50,1
148619,50,1
148669,50,1
148719,50,1
148769,50,1
148819,50,1
148869,50,1
148919,50,1
148969,50,1
149019,50,1
149069,50,1
149119,50,1
149169,50,1
149219,50,1
149269,50,1
149319,50,1
149369,50,1
149419,50,1
149469,50,1
149519,50,1
149569,50,1
149619,50,1
149669,50,1
149719,50,1
149769,50,1
149819,50,1
149869,50,1
149919,50,1
149969,50,1
150019,50,1
150069,50,1
150119,50,1
150169,50,1
150219,50,1
150269,50,1
150319,50,1
150369,50,1
150419,50,1
150469,50,1
150519,50,1
150569,50,1
150619,50,1
150669,50,1
150719,50,1
150769,50,1
150819,50,1
150869,50,1
150919,50,1
150969,50,1
151019,50,1
151069,50,1
151119,50,1
151169,50,1
151219,50,1
151269,50,1
151319,50,1
151369,50,1
151419,50,1
151469,50,1
151519,50,1
151569,50,1
151619,50,1
151669,50,1
151719,50,1
151769,50,1
151819,50,1
151869,50,1
151919,50,1
151969,50,1
152019,50,1
152069,50,1
152119,50,1
152169,50,1
152219,50,1
152269,50,1
152319,50,1
152369,50,1
152419,50,1
152469,50,1
152519,50,1
152569,50,1
152619,50,1
152669,50,1
152719,50,1
152769,50,1
152819,50,1
152869,50,1
152919,50,1
152969,50,1
153019,50,1
153069,50,1
153119,50,1
153169,50,1
153219,50,1
153269,50,1
153319,50,1
153369,50,1
153419,50,1
153469,50,1
153519,50,1
153569,50,1
153619,50,1
153669,50,1
153719,50,1
153769,50,1
153819,50,1
153869,50,1
153919,50,1
153969,50,1
154019,50,1
154069,50,1
154119,50,1
154169,50,1
154219,50,1
154269,50,1
154319,50,1
154369,50,1
154419,50,1
154469,50,1
154519,50,1
154569,50,1
154619,50,1
154669,50,1
154719,50,1
154769,50,1
154819,50,1
154869,50,1
154919,50,1
154969,50,1
155019,50,1
155069,50,1
155119,50,1
155169,50,1
155219,50,1
155269,50,1
155319,50,1
155369,50,1
155419,50,1
155469,50,1
155519,50,1
155569,50,1
155619,50,1
155669,50,1
155719,50,1
155769,50,1
155819,50,1
155869,50,1
155919,50,1
155969,50,1
156019,50,1
156069,50,1
156119,50,1
156169,50,1
156219,50,1
156269,50,1
156319,50,1
156369,50,1
156419,50,1
156469,50,1
156519,50,1
156569,50,1
156619,50,1
156669,50,1
156719,50,1
156769,50,1
156819,50,1
156869,50,1
156919,50,1
156969,50,1
157019,50,1
157069,50,1
157119,50,1
157169,50,1
157219,50,1
157269,50,1
157319,50,1
157369,50,1
157419,50,1
157469,50,1
157519,50,1
157569,50,1
157619,50,1
157669,50,1
157719,50,1
157769,50,1
157819,50,1
157869,50,1
157919,50,1
157969,50,1
158019,50,1
158069,50,1
158119,50,1
158169,50,1
158219,50,1
158269,50,1
158319,50,1
158369,50,1
158419,50,1
158469,50,1
158519,50,1
158569,50,1
158619,50,1
158669,50,1
158719,50,1
158769,50,1
158819,50,1
158869,50,1
158919,50,1
158969,50,1
159019,50,1
159069,50,1
159119,50,1
159169,50,1
159219,50,1
159269,50,1
159319,50,1
159369,50,1
159419,50,1
159469,50,1
159519,50,1
159569,50,1
159619,50,1
159669,50,1
159719,50,1
159769,50,1
159819,50,1
159869,50,1
159919,50,1
159969,50,1
160019,50,1
160069,50,1
160119,50,1
160169,50,1
160219,50,1
160269,50,1
160319,50,1
160369,50,1
160419,50,1
160469,50,1
160519,50,1
160569,50,1
160619,50,1
160669,50,1
160719,50,1
160769,50,1
160819,50,1
160869,50,1
160919,50,1
160969,50,1
161019,50,1
161069,50,1
161119,50,1
161169,50,1
161219,50,1
161269,50,1
161319,50,1
161369,50,1
161419,50,1
161469,50,1
161519,50,1
161569,50,1
161619,50,1
161669,50,1
161719,50,1
161769,50,1
161819,50,1
161869,50,1
161919,50,1
161969,50,1
162019,50,1
162069,50,1
162119,50,1
162169,50,1
162219,50,1
162269,50,1
162319,50,1
162369,50,1
162419,50,1
162469,50,1
162519,50,1
162569,50,1
162619,50,1
162669,50,1
162719,50,1
162769,50,1
162819,50,1
162869,50,1
162919,50,1
162969,50,1
163019,50,1
163069,50,1
163119,50,1
163169,50,1
163219,50,1
163269,50,1
163319,50,1
163369,50,1
163419,50,1
163469,50,1
163519,50,1
163569,50,1
163619,50,1
163669,50,1
163719,50,1
163769,50,1
163819,50,1
163869,50,1
163919,50,1
163969,50,1
164019,50,1
164069,50,1
164119,50,1
164169,50,1
164219,50,1
164269,50,1
164319,50,1
164369,50,1
164419,50,1
164469,50,1
164519,50,1
164569,50,1
164619,50,1
164669,50,1
164719,50,1
164769,50,1
164819,50,1
164869,50,1
164919,50,1
164969,50,1
165019,50,1
165069,50,1
165119,50,1
165169,50,1
165219,50,1
165269,50,1
165319,50,1
165369,50,1
165419,50,1
165469,50,1
165519,50,1
165569,50,1
165619,50,1
165669,50,1
165719,50,1
165769,50,1
165819,50,1
165869,50,1
165919,50,1
165969,50,1
166019,50,1
166069,50,1
166119,50,1
166169,50,1
166219,50,1
166269,50,1
166319,50,1
166369,50,1
166419,50,1
166469,50,1
166519,50,1
166569,50,1
166619,50,1
166669,50,1
166719,50,1
166769,50,1
166819,50,1
166869,50,1
166919,50,1
166969,50,1
167019,50,1
167069,50,1
167119,50,1
167169,50,1
167219,50,1
167269,50,1
167319,50,1
167369,50,1
167419,50,1
167469,50,1
167519,50,1
167569,50,1
167619,50,1
167669,50,1
167719,50,1
167769,50,1
167819,50,1
167869,50,1
167919,50,1
167969,50,1
168019,50,1
168069,50,1
168119,50,1
168169,50,1
168219,50,1
168269,50,1
168319,50,1
168369,50,1
168419,50,1
168469,50,1
168519,50,1
168569,50,1
168619,50,1
168669,50,1
168719,50,1
168769,50,1
168819,50,1
168869,50,1
168919,50,1
168969,50,1
169019,50,1
169069,50,1
169119,50,1
169169,50,1
169219,50,1
169269,50,1
169319,50,1
169369,50,1
169419,50,1
169469,50,1
169519,50,1
169569,50,1
169619,50,1
169669,50,1
169719,50,1
169769,50,1
169819,50,1
169869,50,1
169919,50,1
169969,50,1
170019,50,1
170069,50,1
170119,50,1
170169,50,1
170219,50,1
170269,50,1
170319,50,1
170369,50,1
170419,50,1
170469,50,1
170519,50,1
170569,50,1
170619,50,1
170669,50,1
170719,50,1
170769,50,1
170819,50,1
170869,50,1
170919,50,1
170969,50,1
171019,50,1
171069,50,1
171119,50,1
171169,50,1
171219,50,1
171269,50,1
171319,50,1
171369,50,1
171419,50,1
171469,50,1
171519,50,1
171569,50,1
171619,50,1
171669,50,1
171719,50,1
171769,50,1
171819,50,1
171869,50,1
171919,50,1
171969,50,1
172019,50,1
172069,50,1
172119,50,1
172169,50,1
172219,50,1
172269,50,1
172319,50,1
172369,50,1
172419,50,1
172469,50,1
172519,50,1
172569,50,1
172619,50,1
172669,50,1
172719,50,1
172769,50,1
172819,50,1
172869,50,1
172919,50,1
172969,50,1
173019,50,1
173069,50,1
173119,50,1
173169,50,1
173219,50,1
173269,50,1
173319,50,1
173369,50,1
173419,50,1
173469,50,1
173519,50,1
173569,50,1
173619,50,1
173669,50,1
173719,50,1
173769,50,1
173819,50,1
173869,50,1
173919,50,1
173969,50,1
174019,50,1
174069,50,1
174119,50,1
174169,50,1
174219,50,1
174269,50,1
174319,50,1
174369,50,1
174419,50,1
174469,50,1
174519,50,1
174569,50,1
174619,50,1
174669,50,1
174719,50,1
174769,50,1
174819,50,1
174869,50,1
174919,50,1
174969,50,1
175019,50,1
175069,50,1
175119,50,1
175169,50,1
175219,50,1
175269,50,1
175319,50,1
175369,50,1
175419,50,1
175469,50,1
175519,50,1
175569,50,1
175619,50,1
175669,50,1
175719,50,1
175769,50,1
175819,50,1
175869,50,1
175919,50,1
175969,50,1
176019,50,1
176069,50,1
176119,50,1
176169,50,1
176219,50,1
176269,50,1
176319,50,1
176369,50,1
176419,50,1
176469,50,1
176519,50,1
176569,50,1
176619,50,1
176669,50,1
176719,50,1
176769,50,1
176819,50,1
176869,50,1
176919,50,1
176969,50,1
177019,50,1
177069,50,1
177119,50,1
177169,50,1
177219,50,1
177269,50,1
177319,50,1
177369,50,1
177419,50,1
177469,50,1
177519,50,1
177569,50,1
177619,50,1
177669,50,1
177719,50,1
177769,50,1
177819,50,1
177869,50,1
177919,50,1
177969,50,1
178019,50,1
178069,50,1
178119,50,1
178169,50,1
178219,50,1
178269,50,1
178319,50,1
178369,50,1
178419,50,1
178469,50,1
178519,50,1
178569,50,1
178619,50,1
178669,50,1
178719,50,1
178769,50,1
178819,50,1
178869,50,1
178919,50,1
178969,50,1
179019,50,1
179069,50,1
179119,50,1
179169,50,1
179219,50,1
179269,50,1
179319,50,1
179369,50,1
179419,50,1
179469,50,1
179519,50,1
179569,50,1
179619,50,1
179669,50,1
179719,50,1
179769,50,1
179819,50,1
179869,50,1
179919,50,1
179969,50,1
180019,50,1
180069,50,1
180119,50,1
180169,50,1
180219,50,1
180269,50,1
180319,50,1
180369,50,1
180419,50,1
180469,50,1
180519,50,1
180569,50,1
180619,50,1
180669,50,1
180719,50,1
180769,50,1
180819,50,1
180869,50,1
180919,50,1
180969,50,1
181019,50,1
181069,50,1
181119,50,1
181169,50,1
181219,50,1
181269,50,1
181319,50,1
181369,50,1
181419,50,1
181469,50,1
181519,50,1
181569,50,1
181619,50,1
181669,50,1
181719,50,1
181769,50,1
181819,50,1
181869,50,1
181919,50,1
181969,50,1
182019,50,1
182069,50,1
182119,50,1
182169,50,1
182219,50,1
182269,50,1
182319,50,1
182369,50,1
182419,50,1
182469,50,1
182519,50,1
182569,50,1
182619,50,1
182669,50,1
182719,50,1
182769,50,1
182819,50,1
182869,50,1
182919,50,1
182969,50,1
183019,50,1
183069,50,1
183119,50,1
183169,50,1
183219,50,1
183269,50,1
183319,50,1
183369,50,1
183419,50,1
183469,50,1
183519,50,1
183569,50,1
183619,50,1
183669,50,1
183719,50,1
183769,50,1
183819,50,1
183869,50,1
183919,50,1
183969,50,1
184019,50,1
184069,50,1
184119,50,1
184169,50,1
184219,50,1
184269,50,1
184319,50,1
184369,50,1
184419,50,1
184469,50,1
184519,50,1
184569,50,1
184619,50,1
184669,50,1
184719,50,1
184769,50,1
184819,50,1
184869,50,1
184919,50,1
184969,50,1
185019,50,1
185069,50,1
185119,50,1
185169,50,1
185219,50,1
185269,50,1
185319,50,1
185369,50,1
185419,50,1
185469,50,1
185519,50,1
185569,50,1
185619,50,1
185669,50,1
185719,50,1
185769,50,1
185819,50,1
185869,50,1
185919,50,1
185969,50,1
186019,50,1
186069,50,1
186119,50,1
186169,50,1
186219,50,1
186269,50,1
186319,50,1
186369,50,1
186419,50,1
186469,50,1
186519,50,1
186569,50,1
186619,50,1
186669,50,1
186719,50,1
186769,50,1
186819,50,1
186869,50,1
186919,50,1
186969,50,1
187019,50,1
187069,50,1
187119,50,1
187169,50,1
187219,50,1
187269,50,1
187319,50,1
187369,50,1
187419,50,1
187469,50,1
187519,50,1
187569,50,1
187619,50,1
187669,50,1
187719,50,1
187769,50,1
187819,50,1
187869,50,1
187919,50,1
187969,50,1
188019,50,1
188069,50,1
188119,50,1
188169,50,1
188219,50,1
188269,50,1
188319,50,1
188369,50,1
188419,50,1
188469,50,1
188519,50,1
188569,50,1
188619,50,1
188669,50,1
188719,50,1
188769,50,1
188819,50,1
188869,50,1
188919,50,1
188969,50,1
189019,50,1
189069,50,1
189119,50,1
189169,50,1
189219,50,1
189269,50,1
189319,50,1
189369,50,1
189419,50,1
189469,50,1
189519,50,1
189569,50,1
189619,50,1
189669,50,1
189719,50,1
189769,50,1
189819,50,1
189869,50,1
189919,50,1
189969,50,1
190019,50,1
190069,50,1
190119,50,1
190169,50,1
190219,50,1
190269,50,1
190319,50,1
190369,50,1
190419,50,1
190469,50,1
190519,50,1
190569,50,1
190619,50,1
190669,50,1
190719,50,1
190769,50,1
190819,50,1
190869,50,1
190919,50,1
190969,50,1
191019,50,1
191069,50,1
191119,50,1
191169,50,1
191219,50,1
191269,50,1
191319,50,1
191369,50,1
191419,50,1
191469,50,1
191519,50,1
191569,50,1
191619,50,1
191669,50,1
191719,50,1
191769,50,1
191819,50,1
191869,50,1
191919,50,1
191969,50,1
192019,50,1
192069,50,1
192119,50,1
192169,50,1
192219,50,1
192269,50,1
192319,50,1
192369,50,1
192419,50,1
192469,50,1
192519,50,1
192569,50,1
192619,50,1
192669,50,1
192719,50,1
192769,50,1
192819,50,1
192869,50,1
192919,50,1
192969,50,1
193019,50,1
193069,50,1
193119,50,1
193169,50,1
193219,50,1
193269,50,1
193319,50,1
193369,50,1
193419,50,1
193469,50,1
193519,50,1
193569,50,1
193619,50,1
193669,50,1
193719,50,1
193769,50,1
193819,50,1
193869,50,1
193919,50,1
193969,50,1
194019,50,1
194069,50,1
194119,50,1
194169,50,1
194219,50,1
194269,50,1
194319,50,1
194369,50,1
194419,50,1
194469,50,1
194519,50,1
194569,50,1
194619,50,1
194669,50,1
194719,50,1
194770,51,0.9803921568627451
194820,50,1
194870,50,1
194920,50,1
194970,50,1
195020,50,1
195070,50,1
195120,50,1
195170,50,1
195220,50,1
195270,50,1
195320,50,1
195370,50,1
195420,50,1
195470,50,1
195520,50,1
195570,50,1
195620,50,1
195670,50,1
195720,50,1
195770,50,1
195820,50,1
195870,50,1
195920,50,1
195970,50,1
196020,50,1
196070,50,1
196120,50,1
196170,50,1
196220,50,1
196270,50,1
196320,50,1
196370,50,1
196420,50,1
196470,50,1
196520,50,1
196570,50,1
196620,50,1
196670,50,1
196720,50,1
196770,50,1
196820,50,1
196870,50,1
196920,50,1
196970,50,1
197020,50,1
197070,50,1
197120,50,1
197170,50,1
197220,50,1
197270,50,1
197320,50,1
197370,50,1
197420,50,1
197470,50,1
197520,50,1
197570,50,1
197620,50,1
197670,50,1
197720,50,1
197770,50,1
197820,50,1
197870,50,1
197920,50,1
197970,50,1
198020,50,1
198070,50,1
198120,50,1
198170,50,1
198220,50,1
198270,50,1
198320,50,1
198370,50,1
198420,50,1
198470,50,1
198520,50,1
198570,50,1
198620,50,1
198670,50,1
198720,50,1
198770,50,1
198820,50,1
198870,50,1
198920,50,1
198970,50,1
199020,50,1
199070,50,1
199120,50,1
199170,50,1
199220,50,1
199270,50,1
199320,50,1
199370,50,1
199420,50,1
199470,50,1
199520,50,1
199570,50,1
199620,50,1
199670,50,1
199720,50,1
199770,50,1
199820,50,1
199870,50,1
199920,50,1
199970,50,1
200020,50,1
200070,50,1
200120,50,1
200170,50,1
200220,50,1
200270,50,1
200320,50,1
200370,50,1
200420,50,1
200470,50,1
200520,50,1
200570,50,1
200620,50,1
200670,50,1
200720,50,1
200770,50,1
200820,50,1
200870,50,1
200920,50,1
200970,50,1
201020,50,1
201070,50,1
201120,50,1
201170,50,1
201220,50,1
201270,50,1
201320,50,1
201370,50,1
201420,50,1
201470,50,1
201520,50,1
201570,50,1
201620,50,1
201670,50,1
201720,50,1
201770,50,1
201820,50,1
201870,50,1
201920,50,1
201970,50,1
202020,50,1
202070,50,1
202120,50,1
202170,50,1
202220,50,1
202270,50,1
202320,50,1
202370,50,1
202420,50,1
202470,50,1
202520,50,1
202570,50,1
202620,50,1
202670,50,1
202720,50,1
202770,50,1
202820,50,1
202870,50,1
202920,50,1
202970,50,1
203020,50,1
203070,50,1
203120,50,1
203170,50,1
203220,50,1
203270,50,1
203320,50,1
203370,50,1
203420,50,1
203470,50,1
203520,50,1
203570,50,1
203620,50,1
203670,50,1
203720,50,1
203770,50,1
203820,50,1
203870,50,1
203920,50,1
203970,50,1
204020,50,1
204070,50,1
204120,50,1
204170,50,1
204220,50,1
204270,50,1
204320,50,1
204370,50,1
204420,50,1
204470,50,1
204520,50,1
204570,50,1
204620,50,1
204670,50,1
204720,50,1
204770,50,1
204820,50,1
204870,50,1
204920,50,1
204970,50,1
205020,50,1
205070,50,1
205120,50,1
205170,50,1
205220,50,1
205270,50,1
205320,50,1
205370,50,1
205420,50,1
205470,50,1
205520,50,1
205570,50,1
205620,50,1
205670,50,1
205720,50,1
205770,50,1
205820,50,1
205870,50,1
205920,50,1
205970,50,1
206020,50,1
206070,50,1
206120,50,1
206170,50,1
206220,50,1
206270,50,1
206320,50,1
206370,50,1
206420,50,1
206470,50,1
206520,50,1
206570,50,1
206620,50,1
206670,50,1
206720,50,1
206770,50,1
206820,50,1
206870,50,1
206920,50,1
206970,50,1
207020,50,1
207070,50,1
207120,50,1
207170,50,1
207220,50,1
207270,50,1
207320,50,1
207370,50,1
207420,50,1
207470,50,1
207520,50,1
207570,50,1
207620,50,1
207670,50,1
207720,50,1
207770,50,1
207820,50,1
207870,50,1
207920,50,1
207970,50,1
208020,50,1
208070,50,1
208120,50,1
208170,50,1
208220,50,1
208270,50,1
208320,50,1
208370,50,1
208420,50,1
208470,50,1
208520,50,1
208570,50,1
208620,50,1
208670,50,1
208720,50,1
208770,50,1
208820,50,1
208870,50,1
208920,50,1
208970,50,1
209020,50,1
209070,50,1
209120,50,1
209170,50,1
209220,50,1
209270,50,1
209320,50,1
209370,50,1
209420,50,1
209470,50,1
209520,50,1
209570,50,1
209620,50,1
209670,50,1
209720,50,1
209770,50,1
209820,50,1
209870,50,1
209920,50,1
209970,50,1
210020,50,1
210070,50,1
210120,50,1
210170,50,1
210220,50,1
210270,50,1
210320,50,1
210370,50,1
210420,50,1
210470,50,1
210520,50,1
210570,50,1
210620,50,1
210670,50,1
210720,50,1
210770,50,1
210820,50,1
210870,50,1
210920,50,1
210970.00000000003,50.000000000029104,0.999999999999418
211021,50.999999999970896,0.9803921568633047
211071.00000000003,50.000000000029104,0.999999999999418
211122,50.999999999970896,0.9803921568633047
211172.00000000003,50.000000000029104,0.999999999999418
211223,50.999999999970896,0.9803921568633047
211273.00000000003,50.000000000029104,0.999999999999418
211324,50.999999999970896,0.9803921568633047
211374.00000000003,50.000000000029104,0.999999999999418
211425,50.999999999970896,0.9803921568633047
211475,50,1
211525,50,1
211575,50,1
211625,50,1
211675,50,1
211725,50,1
211775,50,1
211825,50,1
211875,50,1
211925,50,1
211975,50,1
212025,50,1
212075,50,1
212125,50,1
212175,50,1
212225,50,1
212275,50,1
212325,50,1
212375,50,1
212425,50,1
212475,50,1
212525,50,1
212575,50,1
212625,50,1
212675,50,1
212725,50,1
212775,50,1
212825,50,1
212875,50,1
212925,50,1
212975,50,1
213025,50,1
213075,50,1
213125,50,1
213175,50,1
213225,50,1
213275,50,1
213325,50,1
213375,50,1
213425,50,1
213475,50,1
213525,50,1
213575,50,1
213625,50,1
213675,50,1
213725,50,1
213775,50,1
213825,50,1
213875,50,1
213925,50,1
213975,50,1
214025,50,1
214075,50,1
214125,50,1
214175,50,1
214225,50,1
214275,50,1
214325,50,1
214375,50,1
214425,50,1
214475,50,1
214525,50,1
214575,50,1
214625,50,1
214675,50,1
214725,50,1
214775,50,1
214825,50,1
214875,50,1
214925,50,1
214975,50,1
215025,50,1
215075,50,1
215125,50,1
215175,50,1
215225,50,1
215275,50,1
215325,50,1
215375,50,1
215425,50,1
215475,50,1
215525,50,1
215575,50,1
215625,50,1
215675,50,1
215725,50,1
215775,50,1
215825,50,1
215875,50,1
215925,50,1
215975,50,1
216025,50,1
216075,50,1
216125,50,1
216175,50,1
216225,50,1
216275,50,1
216325,50,1
216375,50,1
216425,50,1
216475,50,1
216525,50,1
216575,50,1
216625,50,1
216675,50,1
216725,50,1
216775,50,1
216825,50,1
216875,50,1
216925,50,1
216975,50,1
217025,50,1
217075,50,1
217125,50,1
217175,50,1
217225,50,1
217275,50,1
217325,50,1
217375,50,1
217425,50,1
217475,50,1
217525,50,1
217575,50,1
217625,50,1
217675,50,1
217725,50,1
217775,50,1
217825,50,1
217875,50,1
217925,50,1
217975,50,1
218025,50,1
218075,50,1
218125,50,1
218175,50,1
218225,50,1
218275,50,1
218325,50,1
218375,50,1
218425,50,1
218475,50,1
218525,50,1
218575,50,1
218625,50,1
218675,50,1
218725,50,1
218775,50,1
218825,50,1
218875,50,1
218925,50,1
218975,50,1
219025,50,1
219075,50,1
219125,50,1
219175,50,1
219225,50,1
219275,50,1
219325,50,1
219375,50,1
219425,50,1
219475,50,1
219525,50,1
219575,50,1
219625,50,1
219675,50,1
219725,50,1
219775,50,1
219825,50,1
219875,50,1
219925,50,1
219975,50,1
220025,50,1
220075,50,1
220125,50,1
220175,50,1
220225,50,1
220275,50,1
220325,50,1
220375,50,1
220425,50,1
220475,50,1
220525,50,1
220575,50,1
220625,50,1
220675,50,1
220725,50,1
220775,50,1
220825,50,1
220875,50,1
220925,50,1
220975,50,1
221025,50,1
221075,50,1
221125,50,1
221175,50,1
221225,50,1
221275,50,1
221325,50,1
221375,50,1
221425,50,1
221475,50,1
221525,50,1
221575,50,1
221625,50,1
221675,50,1
221725,50,1
221775,50,1
221825,50,1
221875,50,1
221925,50,1
221975,50,1
222025,50,1
222075,50,1
222125,50,1
222175,50,1
222225,50,1
222275,50,1
222325,50,1
222375,50,1
222425,50,1
222475,50,1
222525,50,1
222575,50,1
222625,50,1
222675,50,1
222725,50,1
222775,50,1
222825,50,1
222875,50,1
222925,50,1
222975,50,1
223025,50,1
223075,50,1
223125,50,1
223175,50,1
223225,50,1
223275,50,1
223325,50,1
223375,50,1
223425,50,1
223475,50,1
223525,50,1
223575,50,1
223625,50,1
223675,50,1
223725,50,1
223775,50,1
223825,50,1
223875,50,1
223925,50,1
223975,50,1
224025,50,1
224075,50,1
224125,50,1
224175,50,1
224225,50,1
224275,50,1
224325,50,1
224375,50,1
224425,50,1
224475,50,1
224525,50,1
224575,50,1
224625,50,1
224675,50,1
224725,50,1
224775,50,1
224825,50,1
224875,50,1
224925,50,1
224975,50,1
225025,50,1
225075,50,1
225125,50,1
225175,50,1
225225,50,1
225275,50,1
225325,50,1
225375,50,1
225425,50,1
225475,50,1
225525,50,1
225575,50,1
225625,50,1
225675,50,1
225725,50,1
225775,50,1
225825,50,1
225875,50,1
225925,50,1
225975,50,1
226025,50,1
226075,50,1
226125,50,1
226175,50,1
226225,50,1
226275,50,1
226325,50,1
226375,50,1
226425,50,1
226475,50,1
226525,50,1
226575,50,1
226625,50,1
226675,50,1
226725,50,1
226775,50,1
226825,50,1
226875,50,1
226925,50,1
226975,50,1
227025,50,1
227075,50,1
227125,50,1
227175,50,1
227225,50,1
227275,50,1
227325,50,1
227375,50,1
227425,50,1
227475,50,1
227525,50,1
227575,50,1
227625,50,1
227675,50,1
227725,50,1
227775,50,1
227825,50,1
227875,50,1
227925,50,1
227975,50,1
228025,50,1
228075,50,1
228125,50,1
228175,50,1
228225,50,1
228275,50,1
228325,50,1
228375,50,1
228425,50,1
228475,50,1
228525,50,1
228575,50,1
228625,50,1
228675,50,1
228725,50,1
228775,50,1
228825,50,1
228875,50,1
228925,50,1
228975,50,1
229025,50,1
229075,50,1
229125,50,1
229175,50,1
229225,50,1
229275,50,1
229325,50,1
229375,50,1
229425,50,1
229475,50,1
229525,50,1
229575,50,1
229625,50,1
229675,50,1
229725,50,1
229775,50,1
229825,50,1
229875,50,1
229925,50,1
229975,50,1
230025,50,1
230075,50,1
230125,50,1
230175,50,1
230225,50,1
230275,50,1
230325,50,1
230375,50,1
230425,50,1
230475,50,1
230525,50,1
230575,50,1
230625,50,1
230675,50,1
230725,50,1
230775,50,1
230825,50,1
230875,50,1
230925,50,1
230975,50,1
231025,50,1
231075,50,1
231125,50,1
231175,50,1
231225,50,1
231275,50,1
231325,50,1
231375,50,1
231425,50,1
231475,50,1
231525,50,1
231575,50,1
231625,50,1
231675,50,1
231725,50,1
231775,50,1
231825,50,1
231875,50,1
231925,50,1
231975,50,1
232025,50,1
232075,50,1
232125,50,1
232175,50,1
232225,50,1
232275,50,1
232325,50,1
232375,50,1
232425,50,1
232475,50,1
232525,50,1
232575,50,1
232625,50,1
232675,50,1
232725,50,1
232775,50,1
232825,50,1
232875,50,1
232925,50,1
232975,50,1
233025,50,1
233075,50,1
233125,50,1
233175,50,1
233225,50,1
233275,50,1
233325,50,1
233375,50,1
233425,50,1
233475,50,1
233525,50,1
233575,50,1
233625,50,1
233675,50,1
233725,50,1
233775,50,1
233825,50,1
233875,50,1
233925,50,1
233975,50,1
234025,50,1
234075,50,1
234125,50,1
234175,50,1
234225,50,1
234275,50,1
234325,50,1
234375,50,1
234425,50,1
234475,50,1
234525,50,1
234575,50,1
234625,50,1
234675,50,1
234725,50,1
234775,50,1
234825,50,1
234875,50,1
234925,50,1
234975,50,1
235025,50,1
235075,50,1
235125,50,1
235175,50,1
235225,50,1
235275,50,1
235325,50,1
235375,50,1
235425,50,1
235475,50,1
235525,50,1
235575,50,1
235625,50,1
235675,50,1
235725,50,1
235775,50,1
235825,50,1
235875,50,1
235925,50,1
235975,50,1
236025,50,1
236075,50,1
236125,50,1
236175,50,1
236225,50,1
236275,50,1
236325,50,1
236375,50,1
236425,50,1
236475,50,1
236525,50,1
236575,50,1
236625,50,1
236675,50,1
236725,50,1
236775,50,1
236825,50,1
236875,50,1
236925,50,1
236975,50,1
237025,50,1
237075,50,1
237125,50,1
237175,50,1
237225,50,1
237275,50,1
237325,50,1
237375,50,1
237425,50,1
237475,50,1
237525,50,1
237575,50,1
237625,50,1
237675,50,1
237725,50,1
237775,50,1
237825,50,1
237875,50,1
237925,50,1
237975,50,1
238025,50,1
238075,50,1
238125,50,1
238175,50,1
238225,50,1
238275,50,1
238325,50,1
238375,50,1
238425,50,1
238475,50,1
238525,50,1
238575,50,1
238625,50,1
238675,50,1
238725,50,1
238775,50,1
238825,50,1
238875,50,1
238925,50,1
238975,50,1
239025,50,1
239075,50,1
239125,50,1
239175,50,1
239225,50,1
239275,50,1
239325,50,1
239375,50,1
239425,50,1
239475,50,1
239525,50,1
239575,50,1
239625,50,1
239675,50,1
239725,50,1
239775,50,1
239825,50,1
239875,50,1
239925,50,1
239975,50,1
240025,50,1
240075,50,1
240125,50,1
240175,50,1
240225,50,1
240275,50,1
240325,50,1
240375,50,1
240425,50,1
240475,50,1
240525,50,1
240575,50,1
240625,50,1
240675,50,1
240725,50,1
240775,50,1
240825,50,1
240875,50,1
240925,50,1
240975,50,1
241025,50,1
241075,50,1
241125,50,1
241175,50,1
241225,50,1
241275,50,1
241325,50,1
241375,50,1
241425,50,1
241475,50,1
241525,50,1
241575,50,1
241625,50,1
241675,50,1
241725,50,1
241775,50,1
241825,50,1
241875,50,1
241925,50,1
241975,50,1
242025,50,1
242075,50,1
242125,50,1
242175,50,1
242225,50,1
242275,50,1
242325,50,1
242375,50,1
242425,50,1
242475,50,1
242525,50,1
242575,50,1
242625,50,1
242675,50,1
242725,50,1
242775,50,1
242825,50,1
242875,50,1
242925,50,1
242975,50,1
243025,50,1
243075,50,1
243125,50,1
243175,50,1
243225,50,1
243275,50,1
243325,50,1
243375,50,1
243425,50,1
243475,50,1
243525,50,1
243575,50,1
243625,50,1
243675,50,1
243725,50,1
243775,50,1
243825,50,1
243875,50,1
243925,50,1
243975,50,1
244025,50,1
244075,50,1
244125,50,1
244175,50,1
244225,50,1
244275,50,1
244325,50,1
244375,50,1
244425,50,1
244475,50,1
244525,50,1
244575,50,1
244625,50,1
244675,50,1
244725,50,1
244775,50,1
244825,50,1
244875,50,1
244925,50,1
244975,50,1
245025,50,1
245075,50,1
245125,50,1
245175,50,1
245225,50,1
245275,50,1
245325,50,1
245375,50,1
245425,50,1
245475,50,1
245525,50,1
245575,50,1
245625,50,1
245675,50,1
245725,50,1
245775,50,1
245825,50,1
245875,50,1
245925,50,1
245975,50,1
246025,50,1
246075,50,1
246125,50,1
246175,50,1
246225,50,1
246275,50,1
246325,50,1
246375,50,1
246425,50,1
246475,50,1
246525,50,1
246575,50,1
246625,50,1
246675,50,1
246725,50,1
246775,50,1
246825,50,1
246875,50,1
246925,50,1
246975,50,1
247025,50,1
247075,50,1
247125,50,1
247175,50,1
247225,50,1
247275,50,1
247325,50,1
247375,50,1
247425,50,1
247475,50,1
247525,50,1
247575,50,1
247625,50,1
247675,50,1
247725,50,1
247775,50,1
247825,50,1
247875,50,1
247925,50,1
247975,50,1
248025,50,1
248075,50,1
248125,50,1
248175,50,1
248225,50,1
248275,50,1
248325,50,1
248375,50,1
248425,50,1
248475,50,1
248525,50,1
248575,50,1
248625,50,1
248675,50,1
248725,50,1
248775,50,1
248825,50,1
248875,50,1
248925,50,1
248975,50,1
249025,50,1
249075,50,1
249125,50,1
249175,50,1
249225,50,1
249275,50,1
249325,50,1
249375,50,1
249425,50,1
249475,50,1
249525,50,1
249575,50,1
249625,50,1
249675,50,1
249725,50,1
249775,50,1
249825,50,1
249875,50,1
249925,50,1
249975,50,1
250025,50,1
250075,50,1
250125,50,1
250175,50,1
250225,50,1
250275,50,1
250325,50,1
250375,50,1
250425,50,1
250475,50,1
250525,50,1
250575,50,1
250625,50,1
250675,50,1
250725,50,1
250775,50,1
250825,50,1
250875,50,1
250925,50,1
250975,50,1
251025,50,1
251075,50,1
251125,50,1
251175,50,1
251225,50,1
251275,50,1
251325,50,1
251375,50,1
251425,50,1
251475,50,1
251525,50,1
251575,50,1
251625,50,1
251675,50,1
251725,50,1
251775,50,1
251825,50,1
251875,50,1
251925,50,1
251975,50,1
252025,50,1
252075,50,1
252125,50,1
252175,50,1
252225,50,1
252275,50,1
252325,50,1
252375,50,1
252425,50,1
252475,50,1
252525,50,1
252575,50,1
252625,50,1
252675,50,1
252725,50,1
252775,50,1
252825,50,1
252875,50,1
252925,50,1
252975,50,1
253025,50,1
253075,50,1
253125,50,1
253175,50,1
253225,50,1
253275,50,1
253325,50,1
253375,50,1
253425,50,1
253475,50,1
253525,50,1
253575,50,1
253625,50,1
253675,50,1
253725,50,1
253775,50,1
253825,50,1
253875,50,1
253925,50,1
253975,50,1
254025.00000000003,50.000000000029104,0.999999999999418
254076,50.999999999970896,0.9803921568633047
254126.00000000003,50.000000000029104,0.999999999999418
254177,50.999999999970896,0.9803921568633047
254227.00000000003,50.000000000029104,0.999999999999418
254278,50.999999999970896,0.9803921568633047
254328.00000000003,50.000000000029104,0.999999999999418
254379,50.999999999970896,0.9803921568633047
254429.00000000003,50.000000000029104,0.999999999999418
254479.00000000003,50,1
254530.00000000003,51,0.9803921568627451
254580.00000000003,50,1
254631.00000000003,51,0.9803921568627451
254681.00000000003,50,1
254732.00000000003,51,0.9803921568627451
254782.00000000003,50,1
254833.00000000003,51,0.9803921568627451
254883.00000000003,50,1
254934.00000000003,51,0.9803921568627451
254984.00000000003,50,1
255035.00000000003,51,0.9803921568627451
255085.00000000003,50,1
255136.00000000003,51,0.9803921568627451
255186.00000000003,50,1
255237,50.999999999970896,0.9803921568633047
255287.00000000003,50.000000000029104,0.999999999999418
255338,50.999999999970896,0.9803921568633047
255388.00000000003,50.000000000029104,0.999999999999418
255439,50.999999999970896,0.9803921568633047
255489.00000000003,50.000000000029104,0.999999999999418
255540,50.999999999970896,0.9803921568633047
255590.00000000003,50.000000000029104,0.999999999999418
255641,50.999999999970896,0.9803921568633047
255691.00000000003,50.000000000029104,0.999999999999418
255741.00000000003,50,1
255792.00000000003,51,0.9803921568627451
255842.00000000003,50,1
255893.00000000003,51,0.9803921568627451
255943.00000000003,50,1
255994.00000000003,51,0.9803921568627451
256044.00000000003,50,1
256095.00000000003,51,0.9803921568627451
256145.00000000003,50,1
256196.00000000003,51,0.9803921568627451
256246.00000000003,50,1
256297.00000000003,51,0.9803921568627451
256347.00000000003,50,1
256398.00000000003,51,0.9803921568627451
256448.00000000003,50,1
256499.00000000003,51,0.9803921568627451
256549.00000000003,50,1
256600,50.999999999970896,0.9803921568633047
256650.00000000003,50.000000000029104,0.999999999999418
256701,50.999999999970896,0.9803921568633047
256751.00000000003,50.000000000029104,0.999999999999418
256802,50.999999999970896,0.9803921568633047
256852.00000000003,50.000000000029104,0.999999999999418
256903,50.999999999970896,0.9803921568633047
256953.00000000003,50.000000000029104,0.999999999999418
257004,50.999999999970896,0.9803921568633047
257054.00000000003,50.000000000029104,0.999999999999418
257104.00000000003,50,1
257155.00000000003,51,0.9803921568627451
257205.00000000003,50,1
257256.00000000003,51,0.9803921568627451
257306.00000000003,50,1
257357.00000000003,51,0.9803921568627451
257407.00000000003,50,1
257458.00000000003,51,0.9803921568627451
257508.00000000003,50,1
257559.00000000003,51,0.9803921568627451
257609.00000000003,50,1
257660.00000000003,51,0.9803921568627451
257710.00000000003,50,1
257761.00000000003,51,0.9803921568627451
257811.00000000003,50,1
257862,50.999999999970896,0.9803921568633047
257912.00000000003,50.000000000029104,0.999999999999418
257963,50.999999999970896,0.9803921568633047
258013.00000000003,50.000000000029104,0.999999999999418
258064,50.999999999970896,0.9803921568633047
258114.00000000003,50.000000000029104,0.999999999999418
258165,50.999999999970896,0.9803921568633047
258215.00000000003,50.000000000029104,0.999999999999418
258266,50.999999999970896,0.9803921568633047
258316.00000000003,50.000000000029104,0.999999999999418
258366.00000000003,50,1
258417.00000000003,51,0.9803921568627451
258467.00000000003,50,1
258518.00000000003,51,0.9803921568627451
258568.00000000003,50,1
258619.00000000003,51,0.9803921568627451
258669.00000000003,50,1
258720.00000000003,51,0.9803921568627451
258770.00000000003,50,1
258821.00000000003,51,0.9803921568627451
258871.00000000003,50,1
258922.00000000003,51,0.9803921568627451
258972.00000000003,50,1
259023.00000000003,51,0.9803921568627451
259073.00000000003,50,1
259124.00000000003,51,0.9803921568627451
259174.00000000003,50,1
259225,50.999999999970896,0.9803921568633047
259275.00000000003,50.000000000029104,0.999999999999418
259326,50.999999999970896,0.9803921568633047
259376.00000000003,50.000000000029104,0.999999999999418
259427,50.999999999970896,0.9803921568633047
259477.00000000003,50.000000000029104,0.999999999999418
259528,50.999999999970896,0.9803921568633047
259578.00000000003,50.000000000029104,0.999999999999418
259629,50.999999999970896,0.9803921568633047
259679.00000000003,50.000000000029104,0.999999999999418
259729.00000000003,50,1
259780.00000000003,51,0.9803921568627451
259830.00000000003,50,1
259881.00000000003,51,0.9803921568627451
259931.00000000003,50,1
259982.00000000003,51,0.9803921568627451
260032.00000000006,50.000000000029104,0.999999999999418
260083,50.99999999994179,0.980392156863864
260133.00000000006,50.00000000005821,0.9999999999988358
260184,50.99999999994179,0.980392156863864
260234,50,1
260284,50,1
260334,50,1
260384,50,1
260434,50,1
260484,50,1
260534,50,1
260584,50,1
260634,50,1
260684,50,1
260734,50,1
260784,50,1
260834,50,1
260884,50,1
260934,50,1
260984,50,1
261034,50,1
261084,50,1
261134,50,1
261184,50,1
261234,50,1
261284,50,1
261334,50,1
261384,50,1
261434,50,1
261484,50,1
261534,50,1
261584,50,1
261634,50,1
261684,50,1
261734,50,1
261784,50,1
261834,50,1
261884,50,1
261934,50,1
261984,50,1
262034,50,1
262084,50,1
262134,50,1
262184,50,1
262234,50,1
262284,50,1
262334,50,1
262384,50,1
262434,50,1
262484,50,1
262534,50,1
262584,50,1
262634,50,1
262684,50,1
262734,50,1
262784,50,1
262834,50,1
262884,50,1
262934,50,1
262984,50,1
263034,50,1
263084,50,1
263134,50,1
263184,50,1
263234,50,1
263284,50,1
263334,50,1
263384,50,1
263434,50,1
263484,50,1
263534,50,1
263584,50,1
263634,50,1
263684,50,1
263734,50,1
263784,50,1
263834,50,1
263884,50,1
263934,50,1
263984,50,1
264034,50,1
264084,50,1
264134,50,1
264184,50,1
264234,50,1
264284,50,1
264334,50,1
264384,50,1
264434,50,1
264484,50,1
264534,50,1
264584,50,1
264634,50,1
264684,50,1
264734,50,1
264784,50,1
264834,50,1
264884,50,1
264934,50,1
264984,50,1
265034,50,1
265084,50,1
265134,50,1
265184,50,1
265234,50,1
265284,50,1
265334,50,1
265384,50,1
265434,50,1
265484,50,1
265534,50,1
265584,50,1
265634,50,1
265684,50,1
265734,50,1
265784,50,1
265834,50,1
265884,50,1
265934,50,1
265984,50,1
266034,50,1
266084,50,1
266134,50,1
266184,50,1
266234,50,1
266284,50,1
266334,50,1
266384,50,1
266434,50,1
266484,50,1
266534,50,1
266584,50,1
266634,50,1
266684,50,1
266734,50,1
266784,50,1
266834,50,1
266884,50,1
266934,50,1
266984,50,1
267034,50,1
267084,50,1
267134,50,1
267184,50,1
267234,50,1
267284,50,1
267334,50,1
267384,50,1
267434,50,1
267484,50,1
267534,50,1
267584,50,1
267634,50,1
267684,50,1
267734,50,1
267784,50,1
267834,50,1
267884,50,1
267934,50,1
267984,50,1
268034,50,1
268084,50,1
268134,50,1
268184,50,1
268234,50,1
268284,50,1
268334,50,1
268384,50,1
268434,50,1
268484,50,1
268534,50,1
268584,50,1
268634,50,1
268684,50,1
268734,50,1
268784,50,1
268834,50,1
268884,50,1
268934,50,1
268984,50,1
269034,50,1
269084,50,1
269134,50,1
269184,50,1
269234,50,1
269284,50,1
269334,50,1
269384,50,1
269434,50,1
269484,50,1
269534,50,1
269584,50,1
269634,50,1
269684,50,1
269734,50,1
269784,50,1
269834,50,1
269884,50,1
269934,50,1
269984,50,1
270034,50,1
270084,50,1
270134,50,1
270184,50,1
270234,50,1
270284,50,1
270334,50,1
270384,50,1
270434,50,1
270484,50,1
270534,50,1
270584,50,1
270634,50,1
270684,50,1
270734,50,1
270784,50,1
270834,50,1
270884,50,1
270934,50,1
270984,50,1
271034,50,1
271084,50,1
271134,50,1
271184,50,1
271234,50,1
271284,50,1
271334,50,1
271384,50,1
271434,50,1
271484,50,1
271534,50,1
271584,50,1
271634,50,1
271684,50,1
271734,50,1
271784,50,1
271834,50,1
271884,50,1
271934,50,1
271984,50,1
272034,50,1
272084,50,1
272134,50,1
272184,50,1
272234,50,1
272284,50,1
272334,50,1
272384,50,1
272434,50,1
272484,50,1
272534,50,1
272584,50,1
272634,50,1
272684,50,1
272734,50,1
272784,50,1
272834,50,1
272884,50,1
272934,50,1
272984,50,1
273034,50,1
273084,50,1
273134,50,1
273184,50,1
273234,50,1
273284,50,1
273334,50,1
273384,50,1
273434,50,1
273484,50,1
273534,50,1
273584,50,1
273634,50,1
273684,50,1
273734,50,1
273784,50,1
273834,50,1
273884,50,1
273934,50,1
273984,50,1
274034,50,1
274084,50,1
274134,50,1
274184,50,1
274234,50,1
274284,50,1
274334,50,1
274384,50,1
274434,50,1
274484,50,1
274534,50,1
274584,50,1
274634,50,1
274684,50,1
274734,50,1
274784,50,1
274834,50,1
274884,50,1
274934,50,1
274984,50,1
275034,50,1
275084,50,1
275134,50,1
275184,50,1
275234,50,1
275284,50,1
275334,50,1
275384,50,1
275434,50,1
275484,50,1
275534,50,1
275584,50,1
275634,50,1
275684,50,1
275734,50,1
275784,50,1
275834,50,1
275884,50,1
275934,50,1
275984,50,1
276034,50,1
276084,50,1
276134,50,1
276184,50,1
276234,50,1
276284,50,1
276334,50,1
276384,50,1
276434,50,1
276484,50,1
276534,50,1
276584,50,1
276634,50,1
276684,50,1
276734,50,1
276784,50,1
276834,50,1
276884,50,1
276934,50,1
276984,50,1
277034,50,1
277084,50,1
277134,50,1
277184,50,1
277234,50,1
277284,50,1
277334,50,1
277384,50,1
277434,50,1
277484,50,1
277534,50,1
277584,50,1
277634,50,1
277684,50,1
277734,50,1
277784,50,1
277834,50,1
277884,50,1
277934,50,1
277984,50,1
278034,50,1
278084,50,1
278134,50,1
278184,50,1
278234,50,1
278284,50,1
278334,50,1
278384,50,1
278434,50,1
278484,50,1
278534,50,1
278584,50,1
278634,50,1
278684,50,1
278734,50,1
278784,50,1
278834,50,1
278884,50,1
278934,50,1
278984,50,1
279034,50,1
279084,50,1
279134,50,1
279184,50,1
279234,50,1
279284,50,1
279334,50,1
279384,50,1
279434,50,1
279484,50,1
279534,50,1
279584,50,1
279634,50,1
279684,50,1
279734,50,1
279784,50,1
279834,50,1
279884,50,1
279934,50,1
279984,50,1
280034,50,1
280084,50,1
280134,50,1
280184,50,1
280234,50,1
280284,50,1
280334,50,1
280384,50,1
280434,50,1
280484,50,1
280534,50,1
280584,50,1
280634,50,1
280684,50,1
280734,50,1
280784,50,1
280834,50,1
280884,50,1
280934,50,1
280984,50,1
281034,50,1
281084,50,1
281134,50,1
281184,50,1
281234,50,1
281284,50,1
281334,50,1
281384,50,1
281434,50,1
281484,50,1
281534,50,1
281584,50,1
281634,50,1
281684,50,1
281734,50,1
281784,50,1
281834,50,1
281884,50,1
281934,50,1
281984,50,1
282034,50,1
282084,50,1
282134,50,1
282184,50,1
282234,50,1
282284,50,1
282334,50,1
282384,50,1
282434,50,1
282484,50,1
282534,50,1
282584,50,1
282634,50,1
282684,50,1
282734,50,1
282784,50,1
282834,50,1
282884,50,1
282934,50,1
282984,50,1
283034,50,1
283084,50,1
283134,50,1
283184,50,1
283234,50,1
283284,50,1
283334,50,1
283384,50,1
283434,50,1
283484,50,1
283534,50,1
283584,50,1
283634,50,1
283684,50,1
283734,50,1
283784,50,1
283834,50,1
283884,50,1
283934,50,1
283984,50,1
284034,50,1
284084,50,1
284134,50,1
284184,50,1
284234,50,1
284284,50,1
284334,50,1
284384,50,1
284434,50,1
284484,50,1
284534,50,1
284584,50,1
284634,50,1
284684,50,1
284734,50,1
284784,50,1
284834,50,1
284884,50,1
284934,50,1
284984,50,1
285034,50,1
285084,50,1
285134,50,1
285184,50,1
285234,50,1
285284,50,1
285334,50,1
285384,50,1
285434,50,1
285484,50,1
285534,50,1
285584,50,1
285634,50,1
285684,50,1
285734,50,1
285784,50,1
285834,50,1
285884,50,1
285934,50,1
285984,50,1
286034,50,1
286084,50,1
286134,50,1
286184,50,1
286234,50,1
286284,50,1
286334,50,1
286384,50,1
286434,50,1
286484,50,1
286534,50,1
286584,50,1
286634,50,1
286684,50,1
286734,50,1
286784,50,1
286834,50,1
286884,50,1
286934,50,1
286984,50,1
287034,50,1
287084,50,1
287134,50,1
287184,50,1
287234,50,1
287284,50,1
287334,50,1
287384,50,1
287434,50,1
287484,50,1
287534,50,1
287584,50,1
287634,50,1
287684,50,1
287734,50,1
287784,50,1
287834,50,1
287884,50,1
287934,50,1
287984,50,1
288034,50,1
288084,50,1
288134,50,1
288184,50,1
288234,50,1
288284,50,1
288334,50,1
288384,50,1
288434,50,1
288484,50,1
288534,50,1
288584,50,1
288634,50,1
288684,50,1
288734,50,1
288784,50,1
288834,50,1
288884,50,1
288934,50,1
288984,50,1
289034,50,1
289084,50,1
289134,50,1
289184,50,1
289234,50,1
289284,50,1
289334,50,1
289384,50,1
289434,50,1
289484,50,1
289534,50,1
289584,50,1
289634,50,1
289684,50,1
289734,50,1
289784,50,1
289834,50,1
289884,50,1
289934,50,1
289984,50,1
290034,50,1
290084,50,1
290134,50,1
290184,50,1
290234,50,1
290284,50,1
290334,50,1
290384,50,1
290434,50,1
290484,50,1
290534,50,1
290584,50,1
290634,50,1
290684,50,1
290734,50,1
290784,50,1
290834,50,1
290884,50,1
290934,50,1
290984,50,1
291034,50,1
291084,50,1
291134,50,1
291184,50,1
291234,50,1
291284,50,1
291334,50,1
291384,50,1
291434,50,1
291484,50,1
291534,50,1
291584,50,1
291634,50,1
291684,50,1
291734,50,1
291784,50,1
291834,50,1
291884,50,1
291934,50,1
291984,50,1
292034,50,1
292084,50,1
292134,50,1
292184,50,1
292234,50,1
292284,50,1
292334,50,1
292384,50,1
292434,50,1
292484,50,1
292534,50,1
292584,50,1
292634,50,1
292684,50,1
292734,50,1
292784,50,1
292834,50,1
292884,50,1
292934,50,1
292984,50,1
293034,50,1
293084,50,1
293134,50,1
293184,50,1
293234,50,1
293284,50,1
293334,50,1
293384,50,1
293434,50,1
293484,50,1
293534,50,1
293584,50,1
293634,50,1
293684,50,1
293734,50,1
293784,50,1
293834,50,1
293884,50,1
293934,50,1
293984,50,1
294034,50,1
294084,50,1
294134,50,1
294184,50,1
294234,50,1
294284,50,1
294334,50,1
294384,50,1
294434,50,1
294484,50,1
294534,50,1
294584,50,1
294634,50,1
294684,50,1
294734,50,1
294784,50,1
294834,50,1
294884,50,1
294934,50,1
294984,50,1
295034,50,1
295084,50,1
295134,50,1
295184,50,1
295234,50,1
295284,50,1
295334,50,1
295384,50,1
295434,50,1
295484,50,1
295534,50,1
295584,50,1
295634,50,1
295684,50,1
295734,50,1
295784,50,1
295834,50,1
295884,50,1
295934,50,1
295984,50,1
296034,50,1
296084,50,1
296134,50,1
296184,50,1
296234,50,1
296284,50,1
296334,50,1
296384,50,1
296434,50,1
296484,50,1
296534,50,1
296584,50,1
296634,50,1
296684,50,1
296734,50,1
296784,50,1
296834,50,1
296884,50,1
296934,50,1
296984,50,1
297034,50,1
297084,50,1
297134,50,1
297184,50,1
297234,50,1
297284,50,1
297334,50,1
297384,50,1
297434,50,1
297484,50,1
297534,50,1
297584,50,1
297634,50,1
297684,50,1
297734,50,1
297784,50,1
297834,50,1
297884,50,1
297934,50,1
297984,50,1
298034,50,1
298084,50,1
298134,50,1
298184,50,1
298234,50,1
298284,50,1
298334,50,1
298384,50,1
298434,50,1
298484,50,1
298534,50,1
298584,50,1
298634,50,1
298684,50,1
298734,50,1
298784,50,1
298834,50,1
298884,50,1
298934,50,1
298984,50,1
299034,50,1
299084,50,1
299134,50,1
299184,50,1
299234,50,1
299284,50,1
299334,50,1
299384,50,1
299434,50,1
299484,50,1
299534,50,1
299584,50,1
299634,50,1
299684,50,1
299734,50,1
299784,50,1
299834,50,1
299884,50,1
299934,50,1
299984,50,1
300034,50,1
300084,50,1
300134,50,1
300184,50,1
300234,50,1
300284,50,1
300334,50,1
300384,50,1
300434,50,1
300489,55,0.9090909090909091